-5.56
-6.9
-0.63
-5.79
-4.67
-4.18
-1.69
-4.62
-4.62
5.0
3.14
-7.6
-7.08
-3.32
-3.41
-5.85
-2.34
-5.14
-0.73
-0.68
2.58
-6.15
-7.73
-6.29
-4.98
-0.09
-6.56
-2.74
1.72
-5.59
-3.07
-1.88
-6.94
-3.88
-1.69
4.51
-7.82
-3.52
-5.67
-4.39
-6.39
-4.11
-4.14
-6.18
-2.14
-6.18
1.29
4.03
-4.32
-6.67
2.61
1.14
-6.17
-2.86
4.6
-2.77
2.23
-2.53
-3.45
-3.86
1.79
-4.67
-6.55
-6.98
-5.26
-7.64
-6.52
-5.35
-4.32
-1.45
3.26
-5.16
-4.65
-0.39
5.26
-6.6
-1.64
-5.95
4.04
-6.03
-7.25
-5.86
-6.97
2.65
-4.28
-6.18
-7.29
0.76
-5.93
-5.79
-2.82
-4.11
-4.15
-6.17
4.38
-0.59
1.7
0.33
-4.26
-6.49
2.97
-1.43
-0.09
-7.67
-4.72
5.38
0.08
-3.62
-7.15
-6.13
-5.42
-6.71
-5.31
-5.32
-5.09
-5.95
-3.72
-4.82
-2.53
-4.39
-5.45
-4.95
0.58
-5.59
-7.03
1.83
4.29
0.96
-3.25
-4.91
-3.32
-5.91
0.76
-5.39
-5.93
1.01
-4.11
-5.67
-6.48
-4.56
-1.26
-3.73
-1.52
1.3
0.7
-4.51
-2.1
-6.71
2.62
-5.37
-3.23
-6.39
-5.99
-6.62
-4.86
-4.26
-6.23
-4.86
4.83
-5.82
-6.96
3.83
-4.41
-3.39
-3.87
-4.39
-5.59
-4.56
-4.72
6.3
3.26
-4.45
-4.39
-4.55
-3.45
-6.15
-3.32
-1.73
-2.95
5.37
3.42
3.3
4.32
3.0
-6.7
-4.57
-5.51
-5.51
-3.41
2.05
2.31
-6.94
-5.86
-4.91
-7.25
-5.07
-4.0
1.52
-5.93
-6.58
1.35
-5.03
0.4
-2.23
-7.71
-6.59
-5.85
-5.34
-6.45
-7.04
-4.18
-5.15
-4.49
-5.35
-5.51
-1.98
-2.2
-2.43
-5.54
-5.42
-5.51
-2.07
-7.0
-5.99
-6.03
-1.92
-4.18
-5.79
-1.03
-5.99
4.37
-4.09
-5.26
-0.72
0.4
2.77
-6.92
-3.82
2.99
-1.56
-5.67
2.9
-5.26
3.14
-6.32
-1.34
-1.06
-7.31
4.8
-1.03
-6.75
-4.99
-5.11
-5.84
-3.06
-6.64
-5.51
4.14
-0.86
3.63
0.05
-4.11
3.51
4.04
3.26
0.22
-4.32
-4.51
-5.09
-1.71
-4.82
-5.42
0.75
-1.6
-3.3
1.82
-3.54
-4.62
-6.07
-0.83
-6.63
-6.91
-6.78
-4.99
-2.57
4.35
4.62
-0.01
-2.18
-5.7
-2.51
-5.62
-4.51
-4.99
-6.62
1.82
-4.32
-3.14
-4.82
-4.08
-4.45
-7.64
1.88
1.89
3.14
-3.95
-4.95
-4.32
-6.78
1.38
2.01
0.79
-3.45
-1.55
-4.32
3.08
-4.95
-5.75
-5.42
1.38
-7.28
-6.62
-2.26
-1.92
-2.56
-2.06
-1.27
-5.72
-3.92
-5.99
4.15
-6.05
-0.17
0.58
-6.39
2.24
-0.06
-3.89
-3.05
-1.53
4.66
3.45
-3.97
4.0
0.42
-3.11
-5.48
-5.35
-5.95
-5.29
-5.89
-5.82
2.45
3.14
-2.9
3.36
-5.77
-6.32
-6.01
3.66
-2.74
1.72
-2.89
-4.14
3.22
-4.69
-1.83
-1.26
-4.02
-2.07
-5.89
-7.01
-4.51
4.23
-5.39
-6.07
4.26
3.28
1.39
-6.31
-6.24
4.75
-5.46
-4.42
2.5
-5.86
-6.86
-0.22
4.74
-4.67
-7.61
-5.42
-3.81
-0.96
-5.51
1.22
-5.67
-4.17
-5.26
-7.04
-5.18
-4.89
-7.0
-5.26
-5.97
-4.67
2.03
-6.07
-5.64
-6.81
-6.67
2.34
-5.03
-6.32
-7.42
-5.59
-7.72
-6.48
3.77
-3.78
-5.79
-5.72
5.24
-4.86
-2.86
-6.48
-4.7
-2.22
1.88
-6.72
-1.67
-2.5
3.84
4.08
-6.55
-6.07
-6.6
-1.63
-5.93
-4.18
-3.91
-7.03
-4.99
-5.75
-5.98
0.96
-5.26
-6.43
-6.66
2.85
-6.79
4.57
-4.18
-6.66
-7.17
-3.95
-6.04
-5.11
-2.03
-6.22
-2.18
-4.67
-5.45
-6.55
-6.86
-4.58
-6.79
-2.06
-0.18
-6.87
-4.51
1.92
-5.99
-5.64
-2.93
-6.83
-5.86
-5.82
-6.46
-3.43
1.0
-6.07
-1.05
2.32
-5.51
-5.75
-5.56
-3.95
-5.07
-5.15
-0.74
-6.12
-0.61
-6.32
-2.15
-4.26
0.58
3.46
0.67
-5.29
-4.91
4.0
-5.01
-1.55
3.63
-1.24
1.64
-4.27
0.43
3.75
-3.95
-7.27
-2.59
4.75
2.33
-5.64
2.48
-5.42
-5.89
-4.3
-5.86
2.3
2.53
-4.32
-7.1
-4.11
-3.54
-6.22
-2.94
-7.07
-5.93
-3.89
-7.54
-6.31
0.08
-6.66
-1.98
-3.85
-2.64
-4.15
3.69
-5.82
1.32
-1.67
-2.45
1.13
-3.51
-4.1
-6.07
-6.17
0.45
-5.45
-6.37
-6.46
-5.91
-6.17
-6.31
-6.32
-2.73
-4.86
0.75
-5.29
-4.06
-5.15
-3.88
-2.93
1.42
-6.26
2.96
-6.4
-3.7
1.48
4.21
-6.95
-6.87
-4.89
-5.07
-5.03
-5.15
-4.03
-5.47
-7.06
-2.04
3.45
-4.93
-1.26
-0.9
-4.07
-6.94
-6.39
-5.26
-3.86
-1.9
-3.64
-4.51
-6.4
-4.0
-4.32
-5.54
-6.05
4.17
-5.54
-6.67
-2.97
-4.49
-4.51
-4.39
1.32
-3.47
-3.91
-7.47
-6.58
-5.03
-4.47
-4.95
-3.22
-5.72
-3.39
-6.71
-5.27
-2.27
0.55
3.2
1.3
-5.27
-6.4
-4.51
-5.86
-5.18
-6.11
-6.2
-4.03
-6.18
-4.11
-6.11
-4.45
-3.95
-3.41
-6.03
-6.68
4.78
-4.13
-7.37
-3.03
-2.6
-3.16
3.17
5.61
-6.7
5.36
-2.25
0.68
-5.18
-5.15
-5.18
1.2
-3.86
-7.26
-2.86
-3.49
0.48
-4.91
-6.39
-0.85
-3.72
-5.35
-5.71
-3.99
1.08
-2.9
-1.26
-5.32
-6.35
-5.22
-5.97
2.36
2.09
3.22
2.69
-4.56
-3.86
-6.03
-6.03
-3.74
4.48
-0.42
-0.01
4.3
-1.84
-7.26
-4.39
-5.49
-3.86
2.36
-3.03
-4.45
-7.24
-5.54
-2.45
-0.91
3.07
-3.75
-4.32
-4.11
-0.69
-1.86
0.35
-6.43
-5.45
-5.51
5.41
-3.53
1.37
-0.98
-2.83
0.64
-6.55
-4.56
-6.31
-1.19
-5.49
-3.86
-4.0
-6.63
-5.42
-1.82
-1.93
-7.37
-1.59
-5.78
-5.26
-2.95
-2.92
-2.25
3.0
-5.79
-4.26
0.44
-0.7
-7.87
-6.29
5.18
4.84
4.87
-6.4
-2.5
2.24
-1.95
-7.14
0.43
2.64
6.88
-6.73
-5.86
3.46
2.46
-4.86
1.39
-7.24
5.36
-6.52
-3.6
-5.7
-0.18
-5.18
-1.28
-2.38
-5.51
-5.82
-1.9
4.41
-1.37
-7.15
-1.99
-6.34
-6.55
1.45
-3.84
-3.86
-2.27
4.15
-5.39
-5.79
4.01
-5.52
-2.82
-5.3
0.44
-4.72
-3.67
-6.05
1.63
0.2
-6.55
-4.54
-4.56
1.43
-6.39
-5.89
3.86
3.52
-2.89
-5.75
-5.45
-5.93
-0.04
-4.23
-3.64
-7.13
-3.41
-4.72
0.31
-2.94
3.89
-6.99
-5.56
-3.23
-0.45
-1.73
-6.13
-6.95
-4.46
-6.09
-1.63
-5.22
2.14
-5.75
-5.07
3.69
-5.22
3.17
2.56
-5.29
2.37
-6.35
-5.91
-4.42
-2.14
-5.48
-6.81
-6.77
-4.61
-5.59
-6.86
-4.51
-2.45
-3.23
-6.11
6.07
-5.54
3.48
0.51
-4.99
-2.55
-6.64
-4.03
-4.03
-6.7
-4.39
-2.32
5.93
4.85
-6.24
-3.37
-5.62
-6.79
-5.59
-6.18
-0.24
-6.09
-2.64
-6.58
2.05
-5.82
-4.75
-2.39
-5.89
-5.7
-5.56
-1.76
-0.73
-4.03
-0.22
-5.56
-5.51
-0.62
-3.71
-6.99
-5.42
-6.87
-6.66
-6.49
-4.13
-6.54
-4.99
-5.39
1.05
0.44
1.69
-6.46
-6.22
-3.52
-3.84
-5.24
-0.6
2.31
-4.99
-4.95
-3.9
-6.59
-6.77
-6.82
2.73
-4.91
-3.45
-3.09
1.63
-6.35
1.33
-6.34
-4.69
-5.21
-4.11
-6.51
-2.42
-1.59
3.85
-6.09
-6.9
-5.84
-6.17
-7.03
-6.74
-2.92
-7.13
-6.39
-6.34
-7.14
1.87
-7.29
-5.75
3.99
-5.29
-0.96
-2.99
-5.15
-6.35
-5.86
-5.31
3.63
-5.26
0.02
-6.37
-6.22
-4.86
-4.72
3.04
-3.95
4.68
-6.22
-5.91
-5.77
-4.86
-5.35
-4.99
-5.02
0.87
-6.82
-5.86
-4.67
-4.03
-6.18
-2.42
-6.17
-6.78
-3.25
-5.11
2.92
-5.32
1.09
-2.37
2.23
-6.31
-5.33
-2.77
-4.82
4.87
1.0
-3.46
1.79
-6.45
-5.62
-5.34
-4.67
-6.26
-6.05
-4.51
-3.35
-4.82
-4.32
-3.72
2.78
-4.51
-3.95
-6.76
-2.2
-6.79
-4.45
-3.62
-5.93
-4.46
1.38
2.46
0.81
-0.21
-8.13
-6.67
1.7
-0.32
-4.14
-7.14
-2.72
2.94
-3.94
-4.11
-3.26
-0.8
-5.12
-6.4
-7.81
-2.76
-1.37
-4.39
-7.54
-1.06
5.77
-5.42
-5.07
-1.9
-1.27
-4.39
-0.69
-4.07
-5.49
2.97
-4.49
-6.91
-4.99
3.91
-2.64
4.96
-1.45
5.81
-5.62
2.48
-5.67
-0.2
-5.95
-4.07
-2.59
1.76
-4.45
3.65
2.29
-5.82
-0.07
2.63
-3.72
-0.34
2.49
-5.09
-6.05
-5.64
0.82
-5.26
-6.27
1.0
2.15
-1.01
-4.11
-1.45
-6.56
-4.78
-5.56
-5.59
-5.72
-6.01
-6.11
-4.13
-1.03
-3.03
-3.86
3.07
-7.39
-5.51
-3.86
-6.48
-5.15
-6.39
-1.61
-4.56
-6.77
2.39
-5.89
-7.47
2.71
5.31
-5.91
-4.86
4.12
-6.73
-5.22
-5.45
3.33
-5.99
-6.85
-5.99
-3.95
-4.39
-2.28
-3.6
2.15
-6.63
-6.29
-2.48
-4.39
-6.03
-4.91
-2.35
2.49
1.76
2.14
-2.12
-5.11
-4.77
-5.72
-3.99
-1.73
-7.04
-7.2
-5.11
-4.86
-6.71
3.23
-1.24
-4.03
-5.6
-5.42
0.66
2.0
-7.49
-6.39
-6.86
1.94
-4.65
1.99
-5.32
2.08
-5.26
0.14
-2.95
4.1
-2.61
2.96
4.52
0.94
0.14
2.9
-4.82
-8.09
-4.32
-4.16
1.62
-2.72
5.27
1.66
-4.03
2.12
-5.74
-1.21
-4.87
4.68
-3.88
1.37
-6.82
-4.23
2.39
-7.69
-4.1
-3.88
-5.75
-0.49
-5.77
-6.75
1.02
3.82
-0.07
-4.77
-4.51
1.78
1.24
-0.62
-3.54
-6.78
-5.79
-5.54
-5.95
-6.86
1.85
-0.5
-1.76
-4.26
1.91
-4.77
-7.24
-6.73
-4.45
-6.84
-3.68
1.86
-4.54
1.62
-6.45
-6.29
-6.13
-5.51
-6.09
-5.99
-5.62
-5.75
1.48
0.0
-3.95
-6.4
-4.51
-3.74
-2.18
3.76
3.82
1.14
-6.4
1.52
-6.17
-6.62
-2.86
-6.43
-5.82
-1.76
-6.07
-0.14
-3.11
-6.81
2.66
-4.67
-4.86
-2.18
3.76
3.25
-3.18
-6.32
4.7
-6.22
-3.77
-3.67
-6.24
-4.22
-7.66
-5.48
4.78
-5.82
2.67
-1.45
2.4
-2.3
-6.77
-5.72
0.4
-6.67
-0.31
1.46
0.45
-4.71
-4.39
-5.64
-2.45
4.26
-4.45
2.58
3.51
-6.34
-5.82
1.55
-5.26
-4.72
-5.42
0.48
0.61
-5.56
4.2
-5.54
1.06
4.52
-6.86
-4.72
-4.11
-4.77
-5.84
-0.23
-5.82
-4.15
0.32
2.79
-7.03
-4.39
-6.84
-5.86
1.93
-3.99
3.49
-1.64
-6.42
1.94
3.0
-0.79
-5.59
-6.17
-1.38
-7.24
-4.99
-0.3
-4.86
0.03
-2.62
-5.32
2.97
-5.54
-2.31
-6.26
-5.35
-5.14
-5.72
-2.45
-4.51
4.47
-6.39
-2.5
-1.29
-1.59
-5.51
-6.34
3.14
1.78
-5.42
-1.97
4.12
-2.41
-5.29
-3.56
-6.15
4.24
-5.64
-5.18
3.37
-6.62
-2.67
-7.08
-6.63
-6.55
2.1
0.58
-3.24
-2.7
-6.63
-4.62
-4.67
-4.91
-4.91
-6.73
-5.84
-5.67
2.54
-4.18
-1.45
-4.82
-6.6
-6.87
1.22
-3.74
-5.54
-3.44
2.82
-6.48
-0.53
-7.49
-6.34
-4.14
-6.83
-7.12
-5.48
-5.29
-4.47
-3.86
-2.86
3.82
0.47
-4.16
-6.15
6.82
-5.29
5.8
1.29
-5.59
-4.84
2.51
-0.95
-5.07
-3.17
5.89
6.0
-4.56
3.56
-6.24
-6.43
-4.6
-1.34
-4.77
4.63
-4.39
0.92
-5.72
-6.81
-3.49
-3.78
-5.26
-6.15
-3.67
2.77
-5.28
0.44
-5.62
-5.86
-4.56
-0.62
-5.6
3.13
1.32
-0.95
2.58
-4.77
4.35
-5.5
3.98
1.83
-5.64
4.46
-6.31
1.84
-3.72
-0.86
-6.42
2.72
-4.56
-1.69
-1.03
0.9
-5.79
-6.27
-7.26
-1.73
-4.96
-5.03
2.01
0.46
0.86
-5.56
-4.88
-5.62
-4.67
-6.22
-6.28
-6.71
-1.58
-5.84
3.86
-6.2
-0.17
-7.31
-4.37
0.98
-6.56
2.85
-7.29
-6.77
-4.29
0.18
-0.47
-4.67
-2.51
3.84
0.14
-5.18
-5.27
-5.77
-2.56
4.31
5.99
-5.48
-3.8
-6.34
-7.2
1.14
-4.91
-6.56
-6.4
3.41
-5.76
1.1
-6.45
-1.05
1.84
-5.18
0.78
-5.17
-6.07
1.86
3.58
-1.66
3.3
2.86
2.99
4.5
0.51
-4.95
-6.45
3.64
-0.04
-6.09
-4.82
-5.29
0.02
3.67
-5.97
0.34
-3.07
-4.99
-2.3
-7.14
-4.27
-6.0
-4.03
-5.79
-0.39
-0.69
-3.1
-6.42
-7.0
-2.08
3.47
-4.26
1.11
-4.26
-1.72
-5.99
0.02
-5.89
-1.23
-5.42
-3.77
0.2
-0.21
-5.45
-3.82
-4.11
3.12
-4.77
-6.72
-5.24
3.05
-6.07
-6.75
-3.28
1.73
-1.18
-6.18
-5.75
4.06
-5.03
1.19
-7.2
-4.99
-6.79
-4.67
-5.59
-3.95
-5.07
-3.41
-6.13
-4.48
-4.0
-4.72
-1.59
-2.6
-7.02
-2.48
-0.28
-7.03
-2.79
-1.95
-3.23
-4.51
-4.03
-5.86
-4.32
-5.82
-3.45
-1.5
-1.24
-5.07
-7.53
-4.62
0.05
-5.97
-6.15
-2.18
2.99
-6.35
-4.68
-5.39
-4.91
-4.67
-7.26
-6.27
2.09
-5.42
3.38
1.01
-3.7
-2.82
-4.77
3.16
-3.46
0.6
-6.45
-5.18
-1.82
1.52
3.49
-5.07
-6.75
-4.95
-5.11
-4.45
-2.82
-2.83
-5.15
1.72
-5.29
1.99
-5.22
-3.45
-1.89
-1.39
-6.99
-5.03
2.8
-2.67
2.83
-6.01
-6.11
-2.22
-1.84
-1.01
-3.21
-2.06
-6.6
-1.74
-0.0
-6.91
-5.75
3.54
-6.86
-0.9
2.13
-6.96
1.2
3.11
-2.72
-3.35
-6.31
-5.22
-5.62
-6.48
-4.06
-2.27
-7.35
-2.33
3.12
-6.62
-5.39
-6.2
-5.29
1.74
-6.78
-2.09
-4.82
-2.01
1.93
3.09
-4.03
-6.42
-5.75
2.36
-6.86
-5.26
-1.35
2.71
-3.26
-5.72
0.86
1.77
-4.62
0.36
1.09
-4.34
-5.95
2.31
3.9
-4.82
-5.72
-0.66
-5.07
-3.11
-1.1
-3.75
-6.82
-5.48
2.12
1.77
-6.35
-6.13
-1.38
-3.59
-1.21
-3.09
-5.93
2.08
-4.45
2.44
3.57
-1.18
-6.35
-7.04
-7.67
-5.77
-6.23
-0.61
-6.07
-6.67
-5.64
0.94
-2.1
-4.51
1.83
-6.07
-6.26
-6.76
-6.85
-2.37
2.25
-4.45
-6.45
0.42
4.36
-5.51
-3.84
-5.75
-0.45
-5.39
-6.81
-1.8
-4.64
2.25
-1.03
-4.72
-0.71
-1.67
-6.58
0.9
-5.64
-5.09
-5.67
0.77
3.54
-0.68
3.11
4.29
3.24
-4.81
-3.3
-4.86
-4.45
-6.13
-5.89
3.6
-2.58
-4.46
-0.15
-6.18
-4.0
-3.15
-1.82
-6.97
-2.11
-4.72
-5.77
-5.99
-5.11
-0.96
0.91
-6.59
-1.18
0.67
-3.95
-2.04
-2.94
-4.95
-5.18
1.63
0.67
-5.62
3.62
-5.75
-1.92
-2.34
1.94
-4.48
-5.07
-7.07
-4.91
-2.91
-5.89
2.94
-2.2
-7.42
3.47
-6.66
6.76
-3.56
3.01
-4.91
-5.18
-4.77
-5.55
-6.37
5.27
-2.85
-6.87
-5.03
3.21
-3.69
4.72
-5.18
-3.11
-5.56
-5.91
-6.27
-3.4
-5.59
-6.03
-1.09
-2.71
-7.68
5.28
-4.45
-1.18
-5.72
4.38
-3.56
-6.83
-5.32
-7.38
-1.63
-6.39
0.78
-1.78
-4.16
-2.82
1.81
-5.18
0.18
-3.24
-2.03
-1.61
-5.11
-2.44
-7.64
-3.6
-4.91
-5.48
-1.45
3.64
6.33
4.04
-4.83
-5.84
-1.45
-4.45
-6.15
-6.07
-6.37
-4.11
3.86
-1.2
-3.67
-6.82
-6.2
-3.94
-6.05
-4.11
-0.43
-1.75
2.72
-4.71
1.65
-0.21
-6.68
2.79
-2.15
-3.23
-6.34
2.56
4.04
1.64
1.72
-3.65
5.12
-6.26
-2.92
-4.51
1.76
-1.2
-3.56
-5.03
-6.56
0.22
-3.21
2.56
-2.23
-5.59
-7.26
-3.91
1.29
-6.38
-3.16
-6.4
-5.72
6.46
0.37
-6.79
-5.54
-0.24
2.0
1.44
-7.12
-4.26
-2.32
-2.86
3.2
2.66
1.66
-3.13
-5.79
-8.06
-2.92
-7.35
-6.01
-4.11
-5.32
-2.2
-4.26
-4.03
-6.37
3.77
4.52
0.18
5.17
0.64
-5.77
-4.65
-1.91
1.78
0.76
-4.11
-3.46
-6.71
2.93
-5.79
1.32
-4.74
-5.89
4.9
3.11
3.85
-5.99
3.62
1.97
6.58
-0.18
-1.09
2.2
1.91
0.53
-2.4
2.46
-5.32
-5.54
-0.38
-6.58
-1.83
1.82
-7.1
-2.84
-4.23
3.82
-3.45
-4.52
-6.18
-2.98
-6.94
-1.37
3.28
-6.84
-2.93
-5.54
-3.4
-0.64
4.81
-3.86
-7.81
-4.93
-6.85
-6.22
-0.73
5.33
-5.29
-5.56
-5.79
-4.99
-6.55
1.86
-6.7
-0.7
-6.86
1.8
-0.5
-7.18
-5.72
-5.29
2.36
4.32
-3.32
-7.66
1.41
-2.41
-7.34
-3.08
4.46
-5.77
-4.39
-1.32
3.9
-6.46
-0.94
-5.03
2.22
-5.91
-2.1
-6.62
-5.7
-4.11
1.55
-6.34
-1.18
1.02
-2.78
3.57
-3.95
-6.54
-4.39
-5.11
-5.18
0.55
-4.95
4.18
2.95
-5.45
3.22
-4.03
2.87
-5.35
-4.77
-2.68
-1.56
0.53
-5.93
-5.86
-5.03
-8.51
-1.39
-4.51
-6.4
-5.15
3.64
-4.77
-0.42
-0.04
-3.49
4.6
4.38
-2.13
-3.72
-4.97
-0.68
-2.39
-2.5
0.43
4.2
-5.75
-6.42
-4.72
-4.18
-2.56
-0.74
-5.15
-1.53
3.6
-4.99
-5.51
-6.4
-6.26
-5.48
-5.42
-6.34
5.1
-4.48
-4.86
4.51
-5.15
0.93
-2.73
-5.93
-1.97
-6.97
-6.26
-4.17
-5.45
-3.55
0.52
-4.21
-6.32
2.64
1.0
-5.86
-5.15
-0.26
-5.67
-4.95
2.43
-3.93
-3.67
-3.77
1.52
-6.65
-0.39
1.25
-4.07
2.12
-6.77
-5.99
-6.49
-6.97
4.61
0.83
-6.73
-2.35
-6.35
-4.32
-1.91
-5.42
-5.82
-2.59
-7.33
-3.42
0.9
-6.22
-0.86
-4.03
2.55
-2.18
-3.86
-2.67
-3.37
-6.27
1.84
-5.93
0.94
-3.97
-5.07
-2.97
4.72
-5.59
-5.92
-0.45
-6.13
1.94
-6.26
-4.39
-5.11
-4.56
-2.29
3.39
2.12
-6.15
-2.09
1.09
4.85
1.41
4.24
-4.45
-7.16
0.29
-7.12
-3.53
-5.29
-5.35
-1.6
-1.86
-3.91
-5.89
-3.08
-5.86
3.78
-6.98
-4.72
-7.46
3.37
-4.03
-6.42
-4.02
-3.37
-6.06
2.44
-5.89
-3.6
-4.89
-6.09
-3.84
-6.27
-6.42
-4.67
-4.54
-7.5
-5.07
-4.48
-5.59
-7.47
-4.67
2.1
-6.07
-5.75
-3.42
-5.54
1.78
-3.68
-3.41
-1.96
-0.89
-6.29
-7.18
-5.42
-5.22
-6.11
0.3
-4.92
-6.43
-4.62
-3.22
-4.32
-5.26
3.29
3.72
-5.99
-6.6
-7.01
-5.48
-6.54
-5.18
-0.96
1.75
-7.15
-6.68
-4.6
4.48
-5.35
-5.48
-3.95
1.88
-0.62
-5.39
-4.92
-1.06
-5.48
-5.64
-6.62
-5.18
-6.48
-0.86
-4.67
1.8
-5.11
-3.59
1.84
-3.67
-0.54
-4.39
4.58
4.19
0.23
4.15
-1.35
-3.39
-1.76
-4.45
-5.42
-5.39
-4.02
-5.76
-6.11
-5.45
-4.95
-5.25
-1.15
-6.31
-6.39
-1.1
-7.89
-6.58
-7.04
-4.6
0.31
-0.54
-4.29
-6.29
-3.09
-5.32
-3.95
-2.88
-1.8
-6.59
-5.64
3.97
-2.86
-6.37
6.01
-6.05
-5.7
1.03
-0.73
4.37
-4.28
-6.18
0.97
-4.82
-3.99
-2.86
-4.51
-5.03
-1.06
-1.59
-0.6
-5.35
-3.62
-3.86
-4.77
-5.59
1.01
-6.42
-5.84
-5.99
-6.17
-3.14
-3.45
1.61
4.72
0.44
-3.95
-4.64
-5.42
-6.22
1.3
-6.72
0.77
-2.67
-6.34
-5.96
-5.73
-6.9
-4.99
-5.45
-3.16
-6.56
-0.66
-2.24
-3.99
1.6
2.87
4.01
-3.32
-4.26
-4.86
-5.37
2.63
-6.73
-6.42
-5.45
-3.2
-4.51
-3.09
-5.18
1.43
1.2
0.77
-0.86
-3.2
-6.77
-3.46
-6.89
-6.96
4.43
-5.31
2.04
4.65
-5.59
4.03
1.31
-2.79
-6.71
-4.99
-5.79
-5.77
0.94
-2.56
-6.84
-4.91
0.55
-4.48
2.87
-4.26
-6.15
-3.03
-7.35
-6.2
-6.43
-6.17
-3.95
-1.26
-6.54
2.77
2.04
-0.09
-3.18
-5.72
-5.51
-5.82
-5.62
-4.86
-6.43
-1.69
-4.26
-1.81
-5.07
-5.15
-5.67
-1.08
-6.49
1.06
-0.63
5.35
3.57
-2.77
-6.43
-5.54
-7.47
-3.63
-6.0
-6.29
-2.38
-4.91
-5.84
-6.2
-6.03
-4.86
3.86
-5.58
-6.63
-5.91
4.35
-6.15
-4.3
-6.55
-5.07
-2.62
-2.59
-4.11
-4.11
0.76
-1.78
-7.49
-6.07
-6.08
-5.48
-5.17
-4.62
-6.09
-4.82
2.61
-4.56
-5.82
-1.99
-4.11
-6.15
-6.46
-4.32
-5.18
-4.56
-5.67
-4.95
-3.17
-6.09
-4.03
-3.75
-6.92
-3.1
-7.25
-1.37
-6.29
-0.95
2.6
-5.59
-4.11
-4.09
-5.89
-0.95
3.17
-5.35
-5.82
-1.81
-0.39
0.94
0.14
4.02
-1.15
-5.18
-4.82
-6.13
-6.84
-6.07
3.85
-5.59
-5.86
-4.4
-6.84
-5.45
3.38
-5.13
-7.15
3.88
-4.56
-6.43
-5.26
-4.62
-1.2
-1.96
-4.26
3.52
-6.73
-5.09
-5.48
-4.22
3.01
-4.11
-4.45
-5.48
-1.22
-6.55
-5.22
2.1
-6.76
-6.37
-2.96
1.09
-3.59
-0.43
4.31
-5.93
0.71
-6.15
-6.2
-6.22
-1.58
-6.46
-5.99
-5.58
2.46
5.98
-5.07
1.74
-2.97
-5.9
-1.61
-6.29
-5.32
-5.89
2.82
1.09
-6.81
-5.42
-1.7
-4.77
-6.64
-4.71
-1.62
-5.64
-4.56
-3.86
-4.45
-3.28
-5.93
-4.66
-6.63
-3.37
3.27
3.25
3.26
-0.66
-6.14
-3.82
-5.32
-4.86
-6.03
1.33
-4.26
-2.14
-6.38
-3.06
1.94
-0.56
-0.35
-4.99
-5.95
2.65
-5.48
2.9
-6.39
2.57
-4.21
-5.25
-2.23
-5.22
-3.01
-5.26
-6.89
-6.03
-1.02
-5.99
-4.7
3.76
3.93
-3.45
-1.62
-2.06
-1.7
-3.1
-4.63
-6.45
-6.42
-6.26
-2.15
-6.11
-5.12
-5.48
-4.4
-4.32
-0.45
-6.75
-7.31
1.12
-4.7
2.22
-3.47
-6.32
-5.09
-5.07
-5.7
-6.45
-2.82
-1.63
-5.45
-5.93
-4.56
-6.99
-3.91
-2.06
-5.03
-6.51
-4.11
-6.27
-5.39
-5.39
-6.4
-3.74
3.45
2.61
-5.11
-6.68
-0.64
-1.67
2.6
-2.92
-5.91
-5.56
-3.91
-6.34
-5.82
-3.91
-0.86
2.45
-2.64
-6.26
-2.91
-5.62
-5.5
5.19
-5.82
-6.27
-6.63
3.44
-2.11
-7.26
0.9
-4.82
-4.11
-3.41
-5.26
-6.15
-0.57
1.74
-5.39
-6.18
-6.07
-4.72
1.07
-5.46
-1.33
-6.48
-5.45
-6.83
-3.67
-6.32
-5.15
-1.09
-5.42
2.18
-0.61
-0.81
-6.35
-5.29
-5.75
-4.45
-6.26
2.18
2.1
-6.22
-2.67
3.32
-1.75
-5.26
1.58
-6.07
-2.79
-4.11
-6.03
0.91
-1.3
-6.97
-7.16
-4.67
-6.27
1.61
-4.51
-3.92
-6.11
-7.37
2.74
0.71
-3.72
-6.49
2.46
-4.51
2.58
-3.83
-5.39
-4.26
4.0
-4.01
-1.59
-5.32
-2.32
-5.42
-4.11
-6.82
-6.72
-3.98
3.7
-5.35
3.81
-5.64
3.48
-3.8
6.64
-7.01
3.77
4.6
1.71
-3.95
-2.89
1.36
-5.99
-2.11
-5.79
-4.86
-4.07
-6.03
-0.74
4.03
-5.09
-3.56
-5.11
0.11
-5.89
-5.7
0.0
4.5
1.19
-4.38
1.17
-6.42
-4.91
-0.69
-2.39
-4.24
-2.3
-5.12
-6.37
-6.31
1.6
-3.29
-4.11
-2.5
-0.78
5.03
-4.95
-0.18
-0.58
-3.56
2.64
3.4
-2.42
-2.8
-6.62
-7.17
-2.85
2.47
4.69
2.04
1.63
-7.09
-6.07
1.25
1.76
-4.62
-5.35
1.57
-5.14
-5.86
0.69
-4.65
-4.56
-7.44
3.25
-6.34
-3.91
-5.54
-4.95
-3.21
-4.32
0.14
-7.25
-4.03
-6.15
-5.62
-3.45
-6.82
-2.26
-4.86
-5.52
-4.18
-6.83
-6.09
-6.05
0.77
-3.84
-6.29
0.42
-4.11
-6.72
-5.07
-4.91
-5.62
-6.21
-4.18
-2.18
-6.6
-3.3
-6.18
3.36
2.9
3.49
-4.09
4.31
-5.22
2.74
-1.58
-5.89
-3.32
-6.17
-3.05
-0.0
-4.32
-4.67
5.02
-1.33
-4.57
-6.24
-5.51
-1.94
-0.06
2.77
-5.54
3.14
-2.71
-5.11
-5.08
-4.88
-4.98
-2.62
-6.55
-5.7
4.03
-6.4
-3.66
-4.62
-1.4
-1.26
-0.33
-5.06
-2.45
0.31
-4.72
2.73
-5.35
-6.54
-5.97
-1.55
-5.45
0.19
-3.18
1.53
-6.9
3.22
-6.63
1.19
-5.42
-6.05
-4.93
-5.22
-0.61
1.4
-6.32
-5.48
-4.39
-5.72
-2.12
-4.15
-3.67
-1.74
-6.67
2.12
-4.82
-3.28
-5.77
-5.56
-4.77
-6.83
-5.07
-3.51
-6.34
0.19
-4.45
-5.56
-3.97
-0.32
-5.22
3.22
3.17
-7.14
2.66
-0.15
-5.35
-4.52
-4.22
-6.96
-6.31
-6.48
3.41
-5.54
-6.82
-6.75
-6.81
3.46
-5.29
2.01
4.93
-5.64
-3.69
-5.79
-3.54
3.51
-3.55
-5.26
0.23
-6.82
-6.03
-6.24
4.43
3.04
-4.18
0.73
-4.47
-5.42
-5.77
-5.55
-6.32
-6.92
-7.08
-2.13
-4.77
-7.33
-4.33
-3.43
2.78
1.33
2.72
-2.64
-0.86
1.55
-4.08
-5.99
-4.39
-6.56
-6.03
-5.07
-0.24
-6.9
-2.28
-4.62
-5.39
-4.45
4.8
-6.07
-4.45
-2.18
-5.72
-3.16
-4.8
-6.56
-4.82
-5.39
-3.59
-6.07
2.15
-7.11
4.22
1.58
1.09
-4.72
-4.51
-6.35
7.38
4.96
-5.22
-5.91
-5.46
-5.26
-1.03
-4.07
-4.97
-5.79
-4.07
0.75
-5.51
-6.75
-0.97
-3.82
-3.86
-6.01
1.28
-4.66
-5.42
-4.45
-7.26
-6.32
-6.07
-4.56
-6.01
-6.31
-7.15
3.54
-1.31
-4.91
-4.03
-4.39
-3.46
-7.05
-5.18
-6.27
-6.82
-6.79
-4.22
-3.63
-5.75
-6.29
-6.58
-6.54
-6.48
-6.11
-4.18
-2.18
-6.41
-6.18
-3.99
-4.77
-5.79
-4.09
-2.1
-5.07
-6.42
-5.11
-6.29
-2.93
-6.03
-5.67
-7.03
-5.07
-4.86
-6.49
-1.38
-2.75
2.38
-3.0
1.84
2.72
-5.87
-5.27
-4.32
2.74
-2.14
-2.47
4.37
-3.47
-6.54
-4.51
-2.03
-4.1
-6.22
-5.62
-1.99
-2.95
-4.86
-5.7
-3.72
1.35
-1.71
-1.69
0.8
-3.11
0.65
-3.86
-4.91
-7.11
-1.31
6.43
2.72
-6.11
-4.46
-6.86
-6.13
-6.7
0.34
3.7
-1.24
-1.75
-5.95
-6.29
-5.89
0.8
-6.82
3.66
-4.69
-4.82
2.75
-7.17
-0.97
-4.65
0.77
-5.93
-3.8
-0.65
-2.24
-4.64
-6.11
5.6
-5.29
-2.23
-5.43
-4.56
1.01
-1.6
-4.26
-5.02
0.14
-6.05
-6.01
-5.07
-5.03
-5.97
-3.47
5.25
-6.07
0.88
-5.26
-0.8
-2.54
3.19
4.14
1.56
1.43
-6.35
-3.67
2.77
0.07
-1.86
-4.32
-2.5
-5.86
3.65
0.18
-5.15
-0.69
-5.95
0.14
-4.51
-3.58
-5.75
-5.46
-6.34
1.05
3.15
-5.93
-6.13
-4.95
-3.06
1.78
-5.42
-4.39
-3.98
-4.67
-3.02
-5.22
-6.17
-1.48
-0.48
-7.4
-2.05
0.82
-4.72
-3.23
-6.85
-5.35
3.15
4.14
-8.02
1.38
3.91
3.63
-2.12
-6.05
-4.18
-1.72
-7.29
-6.32
-0.55
-3.46
-5.42
-0.23
-6.29
-3.03
-5.39
-4.11
-4.86
-2.74
-6.15
1.65
-0.73
-7.34
3.91
-5.64
-5.89
3.71
4.25
3.17
-4.35
-3.37
-4.48
-7.44
-5.07
-7.12
-4.03
-4.45
-2.77
-6.76
-6.89
-2.65
-6.37
-5.47
-4.26
-5.15
1.04
-6.81
-5.56
-1.67
3.2
1.75
-2.98
-6.34
-2.52
-5.64
-5.82
1.2
2.27
-5.07
-0.86
-2.56
-6.07
4.68
-4.72
-4.45
-5.01
-6.01
-5.59
0.53
0.14
-7.54
-0.47
5.32
0.91
-7.02
2.69
-6.48
-6.79
-6.75
-2.88
-5.42
-0.94
-5.39
-0.22
-6.46
-6.17
-5.95
-0.89
-5.75
-4.2
-5.03
-5.11
-6.01
-5.89
-5.72
4.14
-3.18
-6.31
-5.75
-6.05
-3.42
-6.85
0.96
-6.34
-5.86
2.16
-5.86
-4.95
-5.54
-1.72
1.07
5.45
-5.35
-3.48
-5.59
-5.97
-5.26
-5.35
3.86
-3.63
3.94
0.5
5.28
-5.7
-3.86
-6.51
-4.51
-0.03
-5.26
-7.7
4.14
2.99
-5.33
-5.29
-4.03
-0.36
-6.05
-6.56
-6.98
-6.86
-1.38
-5.99
-6.07
6.77
3.86
-7.24
-5.75
-6.24
-5.48
-5.79
-5.62
-4.32
-4.67
-3.18
-1.13
-6.48
-6.68
2.25
-6.24
-4.18
-1.64
-4.45
-5.18
-2.4
-4.03
-6.31
-6.64
2.71
4.49
-5.26
-6.11
-5.84
-5.62
0.97
4.82
-5.67
-5.39
-6.15
-5.53
-6.46
-4.51
-5.97
-5.26
-5.54
3.07
2.38
-6.09
-5.03
-4.72
4.15
-7.83
-5.07
-5.86
-0.33
0.68
-0.1
-5.91
-2.82
-6.03
-4.28
-3.71
-4.56
-4.91
-1.75
-1.72
-5.22
2.14
-6.7
-2.81
0.78
-1.09
-5.59
3.8
-5.51
-4.47
4.88
4.77
0.34
-6.41
-7.02
-6.24
-4.32
-5.89
-4.56
-3.62
4.53
-5.22
-7.0
-5.75
-5.95
-6.59
-5.27
-5.35
-2.18
-5.81
-4.34
-5.86
-6.9
2.61
-7.43
-5.79
-3.14
3.58
0.22
-4.86
-3.82
-4.05
-6.09
-1.82
-4.95
-3.01
0.57
4.58
3.19
-3.82
-5.97
-7.14
-5.56
-0.52
-5.64
-5.77
0.26
3.54
-5.51
0.99
-6.46
-5.59
-4.18
-6.07
-5.97
-5.22
-6.09
-1.83
-2.69
2.42
-5.7
-5.15
-0.04
-6.79
-5.39
-5.13
-0.81
-6.15
-1.18
-4.03
0.92
-6.07
-6.05
3.84
-4.77
-5.54
0.14
-0.25
-6.55
-5.03
-2.62
-3.67
-6.48
-4.17
-6.51
-3.67
-3.03
-1.41
0.83
3.02
-4.24
-4.03
-6.87
-5.59
-6.05
-4.77
-2.42
-6.67
-6.77
-1.54
-6.59
-6.24
-3.08
-3.27
-2.94
-6.46
1.5
-6.46
-5.93
-0.4
-6.48
-4.99
-4.99
-6.67
-7.49
-5.17
-4.77
-5.91
-1.89
-3.08
1.28
4.18
1.83
3.7
-3.79
-6.4
-5.85
-3.56
-5.75
-6.79
-0.86
-1.97
-3.31
-6.84
-5.7
-5.29
-8.06
-5.93
-2.47
-4.26
-2.17
-5.84
-0.1
-3.18
-4.48
-5.35
-0.7
1.3
-4.23
-4.26
-1.59
-7.02
-4.91
-2.98
-1.13
-5.72
-5.33
-5.84
-5.32
-3.83
-4.86
-2.03
-4.39
-4.77
-4.75
-6.35
-4.62
-3.95
-5.86
-7.17
-7.5
-6.27
-6.77
-3.26
-6.46
-5.51
-6.43
-6.51
-5.86
-5.59
-2.67
-4.08
-5.62
-2.35
-7.18
-1.54
1.18
-6.82
-6.51
-2.13
-2.53
-0.73
-5.51
-0.31
2.99
-3.53
-4.03
-0.26
-4.67
-5.59
2.72
1.03
3.19
4.71
4.49
-0.48
-7.39
-5.67
-2.62
-6.01
-5.82
-5.29
-5.22
-6.84
-6.89
-5.67
-3.23
-6.15
-6.31
-5.18
-5.97
-6.34
-7.4
-6.43
-5.26
-5.03
-5.89
-1.96
-5.6
2.79
-4.67
-4.47
-4.91
-4.79
-6.01
-6.83
-5.87
-7.2
-4.95
-5.51
-5.16
-4.82
-6.92
-1.37
1.91
-4.18
0.89
-5.14
3.84
-5.75
2.75
-5.62
-3.18
-4.86
-4.75
-5.67
-4.77
-5.67
-6.32
0.01
-7.82
-2.85
-5.18
-3.89
0.1
-7.06
-1.28
-5.29
-3.27
-6.01
-0.3
-4.26
-5.56
-5.45
-4.24
-6.79
-4.56
-0.37
0.8
-4.55
-6.97
-5.93
-6.45
-2.96
4.32
-6.64
-6.56
-1.25
-6.82
-6.76
-7.07
-6.27
-5.62
-5.77
3.54
3.73
-2.16
-6.99
-4.67
3.66
-6.87
-6.34
-5.82
-5.67
-0.22
3.7
2.04
-4.28
-5.93
-5.6
-6.18
3.08
-4.95
-6.79
-4.23
-4.51
3.01
-3.39
-4.11
3.29
-5.68
4.85
-6.43
-4.39
-5.77
-2.79
-4.45
-5.0
2.08
-5.97
-4.86
-4.51
0.6
1.94
1.49
4.36
-5.75
-6.48
-5.22
-6.62
-4.45
-3.09
-5.1
-4.92
-4.03
-0.71
-2.61
-1.48
-4.26
3.84
-7.22
-4.51
-6.63
-6.49
-5.11
-5.15
1.77
-0.29
-1.8
-6.59
-0.29
3.64
-0.57
-0.45
4.38
-5.63
-2.7
-5.15
-6.67
2.08
-4.89
-5.11
-5.32
-5.55
-5.97
-6.58
-6.42
1.49
3.43
2.87
-3.77
-2.75
0.72
-5.29
-0.33
-0.23
-0.82
-1.7
-4.77
1.03
-6.68
-0.86
-1.92
-5.35
-3.7
-0.18
-4.95
-5.82
0.29
-4.11
-6.79
2.54
-4.91
-3.69
1.01
-3.98
-5.35
-2.13
-3.9
3.19
-4.39
-6.07
-5.91
-1.8
-4.51
-5.35
-1.13
-4.31
-4.84
-6.26
-6.05
-3.29
4.2
0.36
-6.02
1.91
-5.39
-7.1
-6.75
-4.88
-4.95
-4.03
-3.95
-5.26
-5.03
-5.77
-6.43
0.03
-4.07
-5.18
-5.36
3.66
-6.03
-6.18
-6.35
-3.69
-4.14
-5.64
-5.18
0.61
-4.61
-0.42
-5.79
4.13
-5.07
2.1
-5.51
-6.27
-5.66
-1.88
-5.84
-6.51
-3.51
2.35
-6.56
-4.67
3.39
-5.84
-7.01
4.48
-5.93
-0.22
4.72
4.21
-6.13
-2.78
-4.62
0.07
-5.54
-7.0
-7.09
-5.29
-1.37
-2.8
3.48
-2.37
3.94
-0.63
-5.03
1.69
5.51
3.37
-3.03
-6.09
-4.39
3.04
-5.49
-2.65
0.84
-7.1
1.64
-5.35
-4.86
-5.79
1.48
-1.91
-6.59
-5.03
-4.11
2.46
-5.7
4.25
-1.13
-6.72
6.34
-2.6
5.97
-1.65
-1.22
-6.09
-4.05
-4.18
-2.42
-5.22
-3.37
-6.29
-5.75
1.98
0.76
-6.99
-2.67
-2.09
-6.01
4.7
3.1
-2.18
-6.03
-2.62
-2.09
-6.73
-5.54
-1.71
-5.95
-4.87
-6.59
-6.27
-5.29
-5.35
-6.93
-2.2
-3.91
-4.35
-6.76
-5.54
-5.82
-5.48
-7.11
-5.89
-2.43
-5.59
-6.42
-6.32
-1.57
-6.34
0.14
-6.42
4.22
-5.84
-6.26
-4.62
2.43
2.6
1.61
-2.32
-6.37
-4.72
-7.48
-6.98
-5.7
-6.79
1.64
-6.17
-4.32
-6.79
-1.94
2.27
-5.51
-2.62
-6.39
-7.14
-2.72
1.6
-5.7
-4.27
-5.09
1.49
2.38
-6.17
-4.82
-2.6
-5.48
-1.58
-0.38
-6.64
-6.32
-2.99
-4.18
-2.96
-0.08
-5.03
-6.26
-6.77
-3.11
4.77
-4.35
0.77
4.3
-5.11
-4.79
-7.07
-0.18
-6.31
-1.65
-4.77
-5.51
0.53
-7.04
-5.89
-6.76
-6.73
-4.92
-3.69
5.83
-3.16
-2.81
-4.28
1.51
-6.46
3.33
2.22
2.14
-1.28
-4.26
-6.22
-6.07
-6.49
-5.56
0.56
-7.02
-5.86
-6.55
-6.6
-5.79
-2.32
-5.59
-4.99
-3.83
-6.08
-1.18
1.22
-6.2
-0.1
-6.78
-6.58
-7.96
0.37
-5.32
4.84
-5.64
-1.78
0.51
-7.59
3.12
-6.39
-2.07
-0.79
-5.59
-6.2
3.47
-1.53
-5.7
1.25
-4.86
-5.35
-4.58
-5.15
3.84
1.93
-6.49
-7.02
-5.35
3.46
-5.07
-5.7
-4.86
-1.9
-5.84
-2.86
-2.77
-0.14
-4.97
-6.07
-4.94
-6.76
-3.62
-5.18
-0.42
-5.86
-5.22
-0.03
-5.22
-6.75
-5.64
-4.12
-3.27
0.24
-4.82
-6.18
-4.63
-6.59
-5.99
-3.31
-5.93
-2.01
-1.33
-5.41
-6.18
2.95
-5.82
-5.58
-4.99
-7.13
-5.7
-5.15
-5.11
-4.31
-6.35
1.96
-3.64
1.37
3.36
-4.03
-7.85
-6.43
-7.28
-4.0
-5.49
1.89
-6.67
-6.63
-0.9
-5.1
-6.01
-7.18
-6.26
-1.0
-4.62
-6.87
-5.57
-6.75
-2.18
-5.51
-4.42
4.49
-0.5
-5.56
-6.56
-6.52
-6.72
-6.22
-4.45
3.23
-6.32
-5.62
-5.62
5.1
2.71
-4.62
-4.54
-5.15
-6.05
-5.93
-3.86
-4.91
-5.45
-3.61
-5.02
0.78
-4.67
-6.32
-4.54
-0.14
-6.15
-5.95
-4.56
-0.83
-5.45
-4.11
-1.73
5.22
-0.69
-4.81
-1.78
-4.86
-0.68
-0.64
-4.55
-0.94
-5.84
-6.05
-7.32
-5.32
-4.67
-4.24
-6.66
-5.84
-2.88
-5.72
-3.45
5.33
-1.06
-3.86
-5.54
0.8
-7.0
-7.07
-7.18
-6.75
-6.32
-4.51
-5.29
-6.95
-5.01
-7.15
-4.95
0.57
-6.24
-5.84
-6.1
-0.14
-2.63
-5.35
-5.91
-3.25
-6.03
-2.89
-4.51
-5.82
1.52
-5.64
-7.16
2.81
0.23
-3.45
3.98
-6.91
-4.26
-3.07
-1.56
-5.99
-5.95
-4.26
-2.61
-4.62
-2.47
1.17
-7.12
-5.05
0.12
-6.18
-6.31
2.47
4.94
4.51
-5.93
-3.22
-4.18
2.11
-6.11
1.37
-7.52
-1.62
3.59
-4.07
-2.67
-4.77
-4.99
-6.34
-2.69
-4.93
-5.54
-0.88
-6.17
1.03
-2.52
-5.95
2.04
1.8
3.43
3.62
1.3
-4.82
-7.17
-4.09
-5.84
-4.86
-5.39
-6.52
-4.66
-5.42
2.34
-1.01
-4.82
-2.16
-7.01
-6.26
-3.28
2.07
-2.91
-1.25
-4.03
-5.75
4.54
-6.63
-5.98
-7.04
-1.1
-3.32
-5.54
-4.31
1.45
1.18
-2.43
-5.15
-6.86
-1.16
-1.76
-4.52
-4.83
-3.41
3.22
2.29
-4.21
3.46
-1.63
-2.76
-0.19
-6.62
-4.91
-4.41
-3.96
-4.09
-6.46
-3.86
-3.39
0.19
-0.95
-2.25
0.41
-6.07
-6.17
-7.52
-4.52
-4.72
-5.03
-2.74
-5.56
3.6
-5.54
-4.26
1.83
-5.86
-6.39
-7.6
-2.1
-4.77
-6.85
-5.35
-3.95
1.55
-3.95
-6.72
-6.39
-3.54
1.91
-2.7
4.54
-5.97
-6.31
-0.52
-5.39
-5.77
-5.95
-3.42
-5.62
-4.77
-6.35
-5.2
-1.03
-4.75
-1.54
-4.86
-3.56
-3.24
-6.52
-5.01
-6.49
-6.37
-3.91
-6.39
-4.05
4.14
-6.93
3.42
0.82
1.86
-4.72
0.99
-5.35
-0.4
4.0
1.77
-5.39
-7.08
-6.03
-7.09
-5.64
-7.4
-0.14
-6.92
-6.89
1.68
-6.15
0.27
-7.56
4.53
2.64
-3.57
-4.86
2.59
1.59
-4.45
-7.42
-7.28
-4.57
-0.04
-4.72
-4.86
-6.84
-2.99
-4.16
5.11
-5.91
-3.62
-5.11
-4.62
-5.29
3.61
-6.68
-7.05
-5.45
-3.28
-1.71
4.39
-2.55
-1.89
-1.53
-4.37
0.66
3.08
5.52
-5.59
1.74
-6.35
2.02
3.73
-4.26
-6.82
-2.82
-4.17
-5.82
-4.41
-7.38
-4.99
-4.67
-4.23
-4.56
-4.18
-2.24
-2.13
3.55
2.69
2.6
2.29
-2.82
4.39
2.3
-4.72
0.33
-4.73
-6.42
-3.72
-0.06
-4.95
-6.42
-3.86
-6.24
-2.35
-6.35
-2.33
-5.18
-4.21
3.45
-4.37
-4.32
-5.59
-5.95
2.24
1.84
-4.18
-2.5
-6.76
-7.2
0.7
-4.86
-3.27
-4.42
-3.18
-6.42
-5.93
-2.92
-7.18
-2.34
-6.59
-5.89
-4.11
-2.84
-5.89
-5.89
-4.97
-5.56
-3.43
-6.32
0.94
-4.95
1.72
-4.17
-3.13
-5.15
-0.48
-0.8
-5.48
-5.79
-5.42
4.04
0.67
-1.64
-6.01
-6.26
-0.86
2.06
-5.35
-1.82
-5.4
-6.97
-6.2
-0.15
-4.02
-3.23
-2.36
1.98
-5.11
5.42
-4.42
-1.45
-4.99
-2.31
-4.12
-6.2
-5.42
2.57
-5.89
-6.09
-1.45
1.76
4.56
3.99
-1.82
4.93
-5.23
-4.67
-7.19
-1.63
-5.7
-5.32
-3.51
-5.51
-4.95
-6.48
-5.29
3.6
-1.86
4.07
-4.86
-0.2
4.3
5.85
-4.31
-5.82
0.8
-7.28
-4.03
-3.51
-6.05
-5.62
-4.32
-6.64
2.17
-6.31
0.34
-6.26
-5.98
-4.62
-5.48
1.96
3.4
-5.26
-4.32
-5.54
0.33
2.92
4.0
-6.75
2.77
-6.62
-5.91
-4.15
-1.06
-6.13
-7.14
-0.13
1.68
0.33
-4.79
-5.48
0.48
-6.27
-4.43
-5.35
-5.86
-5.77
-5.15
4.09
-4.82
-0.86
-5.15
-0.74
-3.22
2.7
-5.42
-5.48
-5.11
-5.0
-1.06
-5.14
-6.91
-4.56
-4.64
-7.76
-3.7
-5.64
-3.11
-4.18
-5.72
-5.59
0.78
-6.22
3.2
-1.98
-5.72
-2.39
-0.47
-6.31
-1.67
-5.32
-6.63
-6.52
-2.86
0.84
-1.18
-4.03
-5.54
-0.32
-7.35
1.59
0.6
-5.93
-5.67
4.17
-6.32
-1.68
-1.26
-1.68
3.12
-3.09
-6.54
-5.7
-0.77
-7.4
-6.31
-0.04
3.35
1.26
-3.58
2.77
1.58
-2.37
-5.64
-6.18
-6.43
-5.89
-3.41
-2.61
-4.56
-3.67
-2.38
2.27
-5.9
-1.35
-6.22
-3.05
3.28
0.84
0.55
-7.33
-5.59
-2.54
-6.63
-5.89
-5.91
-5.42
-6.55
-5.07
-4.51
1.17
-2.03
-5.59
-3.58
-4.32
-3.86
1.55
-0.41
-3.14
3.99
2.52
-5.26
-4.72
-4.82
-5.45
3.66
-4.41
-0.09
-4.03
5.41
5.67
2.92
-3.24
-2.18
-2.32
0.98
-3.55
3.1
-6.34
-5.36
-2.55
-6.37
-6.09
-2.69
-5.47
-6.87
-5.07
-6.76
-6.39
-4.07
-1.35
-5.75
3.72
-5.89
-5.54
-5.05
-3.83
-6.89
2.38
-7.0
-2.98
-5.79
-3.95
-1.46
-4.3
-6.66
0.38
-0.23
-6.63
-3.86
-6.39
1.15
3.27
-5.09
-4.84
-5.62
-6.07
1.63
-6.24
-6.6
-3.62
-4.51
-3.93
-6.93
-4.45
-1.24
-4.12
2.86
4.37
-4.51
-6.52
-6.22
-6.56
-5.22
-3.6
-5.91
2.74
-6.27
-5.42
-5.62
-1.88
-4.0
-0.55
-5.59
0.71
4.53
4.96
-6.32
-3.26
-5.59
-3.95
0.92
-5.27
2.37
-3.11
-4.32
-1.58
3.6
4.36
-4.67
3.1
-0.34
-2.1
-5.15
2.41
-6.54
-6.84
2.68
-4.11
-5.07
-6.27
-3.86
-5.96
-2.56
-3.26
-6.43
-5.46
1.84
-4.39
3.2
-0.1
3.45
-6.66
-2.23
-5.48
3.03
-5.77
3.17
-2.45
-6.09
-5.45
4.45
-6.82
-2.55
4.03
-5.35
-6.03
-2.47
-5.28
-5.02
-5.84
-7.32
-5.89
-4.18
0.72
-4.99
-3.32
3.66
-3.37
-3.65
-5.79
-7.57
4.85
5.91
-0.04
-1.97
-3.22
1.5
-4.91
-4.21
-3.06
-3.67
-2.79
-3.95
-2.8
-4.51
-1.8
1.39
-2.82
-6.72
3.97
3.2
-5.86
-0.86
-4.95
-7.38
2.94
-4.11
-4.51
-7.0
-1.12
-5.32
-4.58
-2.52
-5.89
-3.01
4.72
-0.81
-4.82
-1.62
-1.01
-0.31
-4.23
-4.18
-5.11
0.95
4.88
-4.82
-3.8
-5.03
-3.52
2.76
2.63
-6.92
-3.95
-4.99
-5.27
3.6
-2.89
0.05
-4.99
-3.75
-4.18
-2.1
-4.26
-2.4
-6.45
-6.18
-6.76
3.57
-0.68
-5.22
-3.83
-3.77
0.51
-4.02
0.55
-5.11
1.62
-1.94
-6.58
-6.48
-4.67
4.5
0.72
0.06
1.62
-6.48
-6.54
2.44
-6.7
-6.51
-5.75
-4.32
1.18
3.06
-4.62
-4.39
0.86
-4.77
-6.71
-0.42
-0.22
-5.32
-5.64
-6.46
-4.17
-4.86
-6.19
-1.05
1.4
-2.58
-5.42
-3.3
-2.75
0.57
-4.32
-6.22
-6.2
-1.25
0.66
-3.16
-2.99
2.32
5.17
-5.07
-1.52
-5.75
-6.65
-2.15
-6.32
-5.99
0.77
-7.48
-5.39
-3.59
-2.95
-3.21
2.06
1.83
-4.62
-2.18
-1.28
0.91
4.65
-6.48
2.87
-5.22
-5.54
-7.51
-1.93
-4.45
-7.3
-6.32
-2.89
1.61
-0.95
1.28
4.54
-4.67
-4.49
-4.07
-4.91
-7.26
-3.37
-3.18
-6.93
-3.59
-3.86
1.8
-5.24
-1.86
-3.39
-2.12
-4.28
-5.51
-2.6
-4.32
-5.86
-4.03
1.55
-5.29
-5.35
-2.32
-1.32
-3.86
-6.96
-6.09
-5.56
-5.39
4.28
-4.51
-5.15
-5.54
1.73
-1.59
2.91
-5.03
-5.89
-5.14
-5.89
-6.7
-0.79
-6.42
-5.64
1.16
-5.18
-6.18
-4.77
-4.99
4.45
-3.26
-4.67
-5.49
-5.97
-1.03
-0.83
-5.72
0.4
-5.92
-2.18
-6.54
-5.62
-1.2
-4.95
-1.53
-6.11
-4.72
-4.99
-5.81
-4.26
2.41
-6.89
-5.96
2.51
-4.26
-1.05
2.63
2.47
-4.25
-4.86
-4.11
-6.89
-1.24
-0.3
-4.26
2.17
-7.43
-3.83
-4.39
-5.54
4.86
-5.39
3.64
-5.18
-0.22
-3.7
-0.67
-0.86
-0.33
-4.82
-6.4
1.45
-0.76
2.8
2.71
3.73
2.32
2.2
3.19
-5.42
-5.71
0.96
1.74
2.46
-5.95
-5.35
-6.92
-6.37
-2.67
-5.72
-1.86
-5.62
0.71
1.07
-0.98
-2.94
3.63
-4.67
-3.45
2.48
-6.18
2.15
-2.8
-1.82
-5.54
-5.05
2.29
-0.03
-2.38
-6.05
-4.11
-6.32
-5.75
-0.03
-6.11
-4.62
3.98
1.82
-6.55
-4.3
-3.86
-5.75
-2.69
1.62
2.49
-3.27
-6.48
3.23
-6.31
1.11
3.11
-6.82
-6.55
-2.18
-5.15
-3.66
-6.2
-4.45
-4.51
-4.49
-3.41
-6.58
-2.96
0.26
3.77
-5.51
4.18
-1.93
4.53
-5.72
-6.03
-0.86
-6.62
-6.26
-5.11
-5.15
-4.21
-6.18
-6.54
-3.8
-3.86
-6.07
-6.68
-2.56
-5.59
-5.26
-0.92
-3.03
-4.84
-6.54
-1.81
-2.15
-1.54
-5.51
-1.02
4.53
-6.39
-4.32
-3.86
1.95
-6.37
-5.59
4.82
-1.48
3.07
-7.2
-4.86
2.08
-5.42
-5.48
0.42
-1.57
-1.58
-6.17
-7.42
-3.36
-4.28
-4.54
-4.32
-6.42
0.21
-7.47
-5.51
-6.91
1.04
-7.05
-5.91
-5.52
-5.89
-6.13
-5.56
-7.35
-6.37
-3.03
-6.24
4.11
-3.03
1.89
-4.26
-5.89
-6.27
-2.44
-6.03
-7.26
1.28
-5.62
-3.02
0.94
-3.77
-5.56
-5.64
-6.07
-4.77
-4.27
-0.31
-6.09
-5.77
3.4
-5.84
-5.09
-0.81
-5.99
-2.72
-7.08
-6.6
-0.82
-5.15
-5.75
-2.97
-5.11
-3.08
-6.05
-4.62
-6.82
0.32
0.14
2.88
3.27
-4.45
-2.93
-5.22
-4.51
-6.52
-6.54
2.35
-5.11
2.35
-2.77
4.33
5.0
2.85
3.73
-5.42
-2.26
-1.74
3.18
-4.82
-5.97
2.45
-3.95
2.07
-4.11
-5.97
3.87
-3.88
-2.56
-1.56
-6.39
-0.94
-4.56
-4.26
-0.86
-7.82
4.67
-0.09
-6.37
-5.98
-6.37
-5.45
0.91
-1.73
-6.96
-3.09
-6.95
-5.64
-4.91
-5.95
-2.54
0.32
-6.71
-7.02
-0.98
-5.32
-4.14
-4.4
-6.95
-5.62
-7.15
-4.26
0.09
-4.18
-2.51
1.14
-5.45
-3.67
-5.45
-1.91
-1.25
-5.18
-5.72
-5.58
-3.86
-7.31
-5.26
-3.08
-3.26
-5.07
-1.74
-0.86
-5.86
-5.7
-4.03
-6.01
0.75
-5.26
-4.77
-5.07
-5.48
-6.92
-7.38
-5.45
-6.86
-6.52
-7.23
-3.67
-5.39
-3.24
-3.75
-6.15
-4.86
-5.64
-0.43
-5.77
-5.48
-5.71
-3.84
2.96
-4.21
-1.86
-6.82
-1.83
-5.72
4.03
-1.5
-5.32
-4.99
-2.26
-4.91
-7.19
-5.93
-4.39
-4.91
-6.22
-4.51
-0.05
-6.79
-4.03
-1.96
-5.34
-5.05
-5.86
-7.66
-0.86
-6.4
-5.18
-5.56
-3.82
-3.86
-5.93
-3.32
-5.26
-3.45
-4.67
-6.35
-7.18
-5.03
-3.65
-7.18
-5.82
-6.09
-5.77
-4.52
-6.35
-5.35
0.14
-6.09
-4.72
-0.85
-5.86
-1.08
-1.39
-2.79
1.4
-4.56
-2.32
-6.98
-0.99
-2.53
-4.45
3.16
-6.84
-5.84
2.44
0.41
-5.22
-7.49
-5.07
-6.87
-6.35
-4.45
-3.78
0.53
-6.79
-4.95
-2.47
-4.35
-4.11
-3.32
-5.86
-5.28
-5.39
-6.56
-4.42
-3.64
-6.4
-3.98
-0.9
-5.59
-2.0
-5.29
-5.54
-4.69
-3.46
4.01
-1.26
-5.99
-7.12
-4.82
-3.03
-6.71
0.31
-6.55
-4.26
-3.89
-1.77
-4.18
1.37
4.0
-0.86
4.74
2.76
-5.93
-6.17
-2.8
-5.22
-6.62
4.42
-4.99
-6.45
-0.69
-5.3
-4.45
-5.56
-4.75
1.26
-3.92
-4.91
-2.62
-4.67
-1.56
-1.93
5.1
-5.75
-5.45
-5.22
3.06
-2.9
-5.95
0.53
-7.35
-3.98
-2.24
-4.8
-5.54
-5.03
-2.99
-6.27
-4.48
-2.74
-2.63
-6.66
-1.56
0.14
-2.43
-4.77
2.5
-2.3
-6.09
-5.93
-6.26
-5.48
1.61
4.5
-6.56
4.07
-0.0
2.88
-3.86
-6.6
-2.28
-4.58
-6.95
-1.71
-4.51
3.61
1.29
-4.67
-6.2
-6.2
-0.65
2.02
-1.96
-4.27
-6.67
-5.51
-5.84
2.95
-1.01
-7.19
-4.69
-6.07
-3.65
-6.98
3.22
1.36
-6.07
-5.48
-6.91
-7.56
3.17
4.4
2.1
3.7
-2.6
-6.59
-4.7
-4.62
-5.99
-1.92
3.92
-4.54
-1.4
-2.76
-6.26
-6.64
-4.95
-0.98
-3.56
-4.54
-5.43
-5.18
-1.39
3.38
-4.51
-5.51
-0.11
-3.35
-6.24
-4.51
-2.64
0.93
-6.72
1.49
-6.26
-5.72
-6.66
0.96
-6.37
0.91
-3.52
-7.01
-2.13
-3.15
0.78
-6.96
-6.32
1.27
2.38
-0.49
-3.32
-2.38
-3.48
-6.13
1.76
-5.64
-5.77
-0.96
-5.15
-6.2
3.42
-5.59
-6.76
-3.48
-3.4
-6.4
-3.48
2.73
-7.04
-6.55
-0.53
-0.09
-6.43
-6.95
-1.26
-1.3
-4.51
-7.9
-6.31
2.41
-0.82
-7.58
-7.55
-6.22
-5.35
1.17
1.75
-4.39
5.24
-4.45
-6.35
-3.83
-2.95
-4.99
-0.47
-4.41
-6.96
-5.58
-1.5
2.76
2.55
2.54
-5.45
-6.05
-6.83
-0.94
-2.71
-4.56
0.32
-2.01
2.01
2.46
-1.96
3.34
-4.91
-7.2
-6.35
-4.72
-4.39
-5.67
-7.01
-6.39
-6.63
-4.18
-4.72
-4.71
-5.42
4.21
-7.56
-7.56
4.11
-3.77
-2.67
0.94
2.77
3.31
3.41
2.53
-6.55
1.87
-5.79
1.41
3.18
-1.06
-0.82
-0.86
-5.75
1.39
-5.64
2.01
3.71
3.35
3.22
-0.49
-5.39
-4.11
3.94
-5.72
2.37
-3.28
2.25
-5.14
0.87
-6.45
-5.93
-2.49
-5.03
-6.7
-1.39
-4.39
-4.99
-1.29
-4.95
-6.26
-2.35
-4.45
3.47
-3.66
-3.15
-2.37
-5.18
-6.09
-1.4
2.89
0.41
0.53
-0.7
-5.99
4.31
2.06
4.79
-4.59
-6.33
2.42
-4.86
-5.72
6.01
-4.86
-3.09
-4.06
-7.45
-1.79
5.0
-4.39
-7.26
-6.9
-1.8
-4.18
-6.01
-6.54
3.85
0.89
-6.42
-3.21
-0.67
4.24
-4.67
-4.41
-3.54
-5.72
4.13
-7.09
-2.49
-5.26
3.37
-2.79
-6.55
-1.45
-6.55
-0.35
1.04
-6.67
-4.52
-4.26
-5.22
-5.7
2.45
-2.45
0.79
2.84
1.78
-1.32
-4.56
-4.26
0.35
5.02
2.6
0.14
-5.18
-6.24
-4.51
1.68
-6.03
-6.11
2.64
-3.56
-2.29
-4.95
-6.17
-6.05
-3.73
-6.39
-4.99
-4.62
-6.31
-5.77
-7.38
4.7
2.11
-0.36
-0.0
-4.77
-4.77
-4.18
-6.75
-5.84
0.82
-4.03
0.53
1.57
-3.86
-2.35
2.85
-7.02
2.4
-6.2
-3.12
-2.02
-1.78
2.97
3.26
-5.26
-7.21
-6.59
-6.43
-4.56
-4.29
1.55
-7.73
2.65
-5.56
-5.77
-4.72
-6.59
-7.03
-6.07
-6.83
-6.82
3.67
-5.95
-5.29
-2.83
-6.07
-4.7
-6.13
-5.48
-5.07
-6.49
-5.82
-0.93
4.33
-0.42
-2.27
1.24
-5.11
-3.21
0.36
0.07
5.8
5.3
5.14
5.54
-3.68
-6.27
2.59
3.53
-3.85
-5.01
-1.34
-5.35
-1.56
-6.32
2.12
4.29
2.96
-4.09
2.32
3.78
-5.22
5.11
3.23
-7.02
-4.91
-4.67
2.63
-5.22
-1.72
4.43
2.54
1.48
0.72
-5.48
1.03
-5.32
5.43
-5.11
-4.37
-7.14
-5.11
-2.15
-4.32
-2.92
-1.12
3.34
-4.26
-5.0
4.36
-5.26
-5.07
-6.98
-5.79
-2.48
0.75
1.95
-4.62
-5.26
-5.11
-7.48
-5.29
3.34
-5.93
-5.18
4.43
-4.91
-4.45
-1.63
-4.49
4.41
0.32
-5.42
-0.04
0.5
-1.18
4.1
-3.5
-5.32
1.7
-1.14
2.33
-3.95
-4.06
-2.24
1.94
-1.75
-7.09
-2.99
-3.62
-6.2
-6.89
-5.99
-0.05
1.64
0.47
-2.51
-6.09
-5.51
-3.86
-4.99
-4.32
0.72
-6.77
-3.5
1.33
-6.09
-5.89
-6.48
-4.82
-5.35
-5.99
-4.01
-0.33
-6.91
-5.48
-6.2
2.05
-0.98
-0.09
-2.75
-4.39
-6.15
6.67
0.32
-2.4
1.02
-3.18
2.85
0.59
-5.72
-6.86
-4.85
0.96
2.35
-3.42
0.63
-5.75
1.38
-5.9
-6.07
1.42
-5.75
-1.76
-7.23
-4.91
-5.54
-4.32
-4.9
-5.54
-5.56
-7.55
-6.22
-0.05
-5.29
1.74
-4.32
-5.62
-3.21
-4.95
-5.42
-5.75
-5.64
-7.14
-5.79
-7.56
-3.18
-5.22
-2.34
-2.39
1.43
-7.18
-3.86
-2.37
-4.67
-5.95
-5.89
-4.96
-6.17
-5.64
-6.49
3.62
-4.95
3.37
3.72
-3.6
-6.37
-6.76
2.83
-7.18
-2.5
-4.82
-5.82
2.15
-3.64
-4.06
-7.19
-5.54
-4.86
-6.32
5.61
-7.39
-6.43
-5.31
-3.56
0.36
-4.94
-3.95
-5.22
-2.13
-4.56
-1.31
-6.71
-4.74
0.03
-6.11
-5.79
-6.24
1.2
1.34
-4.91
-6.73
-5.2
3.85
-6.86
1.42
-2.52
-3.54
-6.84
-6.43
-5.51
4.25
-0.5
-0.18
0.91
-6.37
-5.51
-3.05
-3.29
2.94
2.82
2.31
-2.3
-5.67
2.38
-5.99
3.81
5.55
-4.95
-7.01
-5.32
-0.45
-3.89
3.01
-2.7
-2.86
-2.95
-3.67
-6.54
-3.41
-5.35
-1.4
5.61
2.48
-4.32
2.54
-6.2
-6.31
-6.32
1.07
-5.45
-7.46
-4.99
-4.32
1.45
3.83
-6.31
-0.1
1.89
-6.77
-4.39
-4.11
-2.01
1.71
2.74
-7.58
-7.21
-1.01
-1.05
-4.39
-2.95
-5.35
-6.39
-6.17
-6.39
-6.22
-3.86
-6.42
4.04
5.17
-3.6
-4.56
-5.3
-6.01
-1.17
-0.95
1.18
-1.17
2.69
3.43
-6.78
-5.86
2.86
-3.37
-5.79
-1.13
1.55
-6.46
-2.42
-1.8
0.87
-4.56
1.23
-3.38
-5.86
-5.42
-3.48
-5.43
3.38
-7.05
-6.78
-2.34
-3.14
-5.42
-6.01
-7.46
-7.03
-1.86
-4.15
-6.66
-5.59
-6.39
-6.42
-4.39
-5.11
-5.84
-4.03
-6.01
-3.45
-4.03
-6.01
-1.54
-4.45
3.43
-6.13
-6.18
-6.29
2.86
-5.02
6.2
-5.09
-4.03
-4.45
-2.98
-6.22
-3.14
0.61
5.44
-7.03
3.06
1.22
-6.99
-5.96
-4.26
2.63
-3.49
-5.39
-5.99
-6.17
-7.14
-4.32
-4.77
0.52
-6.91
0.84
-4.83
-5.45
-5.07
-5.54
-5.7
-0.47
-5.89
-6.89
2.97
-7.08
-0.58
-4.99
2.84
-4.32
-3.8
-3.75
-5.22
-0.18
-5.15
-6.4
5.47
-3.03
-5.62
-5.48
-5.43
1.04
1.37
-4.56
-2.23
1.78
-6.4
-5.82
0.22
-3.1
-4.45
4.14
-4.22
-5.03
-6.76
1.02
2.07
3.02
4.11
-3.16
-4.42
-2.31
-6.43
-3.41
1.51
-6.92
-1.15
-4.26
-3.32
3.58
-6.34
-4.43
4.25
1.76
3.54
-5.99
-4.38
-6.05
-6.03
-5.35
-3.64
0.02
2.03
-6.51
3.04
-4.95
-2.24
-3.51
-6.29
-6.62
-5.64
-4.62
-6.73
0.72
-5.64
-0.69
-0.6
-4.67
-5.18
-4.67
4.14
-2.99
-4.67
-6.13
-6.66
-5.79
-5.29
-1.88
-6.15
-7.91
-6.09
-4.01
-1.28
-1.77
-3.56
-6.54
-2.4
2.76
3.79
-7.39
-6.67
-3.03
-0.21
-6.73
-4.39
-2.86
3.74
-2.75
-6.05
0.33
0.16
5.5
-5.62
-0.45
-5.89
-4.35
-1.86
-5.62
-5.59
-5.77
-3.35
-3.86
-0.03
3.93
-1.06
-6.29
5.52
-3.03
-6.09
-2.27
-4.77
-5.03
-7.49
4.4
-4.85
-5.06
-5.07
-7.05
2.2
-4.77
0.14
-6.54
-2.34
-4.48
-1.61
-5.72
3.24
2.96
-6.6
-5.4
-7.26
0.2
1.34
-5.89
-4.71
-6.35
-5.97
3.48
-4.26
-5.18
2.16
3.98
-0.64
-1.26
-6.59
-5.73
-6.93
-4.45
-6.43
-6.93
-6.24
1.4
-6.75
-6.18
-2.59
-4.1
-5.15
-5.64
-0.64
-5.03
-5.75
-6.52
-6.67
-6.92
-7.03
-5.48
-5.69
-6.71
-6.31
-5.35
-6.13
-5.75
-5.59
-5.32
-4.59
-5.03
-4.62
3.25
-3.61
-6.07
-5.78
-3.27
-6.17
-4.64
-6.62
-6.4
0.82
5.11
-5.84
-6.17
4.83
4.78
-2.28
-1.73
4.49
4.25
2.83
-6.58
-2.73
-5.29
-4.11
-0.13
1.92
0.3
-4.51
-1.77
-1.64
-3.99
-5.03
-5.32
3.67
-5.95
-5.64
-0.04
-6.29
-6.75
-3.62
5.69
-0.15
-5.67
0.12
-5.03
2.85
-4.62
-5.29
-5.11
1.62
-4.11
-5.29
-2.38
-7.34
-5.64
4.46
-5.66
-2.78
-2.84
-5.18
-0.28
-5.39
-4.03
-6.15
-6.01
-6.68
-6.29
-2.66
-2.03
-6.13
0.33
-6.13
-5.64
-4.67
-4.95
4.03
-5.18
-6.07
-5.56
-1.38
4.13
0.46
-6.52
1.64
-1.9
0.38
3.38
0.6
-4.62
2.04
2.69
-4.18
-5.51
-7.32
-3.99
4.66
-4.82
-4.26
-2.95
-4.82
-4.77
-2.54
-2.89
-4.53
2.39
-0.13
-5.2
-6.22
-5.0
-5.39
-6.13
-5.22
-0.62
-5.62
-4.09
-5.03
-1.9
-1.1
-5.5
-1.3
-4.72
-5.47
-7.48
-6.7
-1.59
-5.67
-5.83
-0.74
-3.0
2.84
-3.92
-4.18
-5.29
-5.86
-6.42
-7.51
-6.01
-5.77
1.79
2.08
-6.52
-5.35
-3.53
-6.98
-4.95
-6.26
-5.86
-3.61
-3.89
-4.86
-2.23
-5.26
-0.99
-4.26
-5.64
1.9
-2.8
5.63
1.26
2.91
-0.1
2.39
-5.91
-2.18
-4.95
-6.03
-4.77
-5.11
-4.11
-5.03
2.93
-1.57
-5.64
-4.67
-6.75
-5.32
-2.23
-6.09
-5.79
-4.18
1.34
-1.69
-4.26
4.74
-6.09
-5.03
2.56
-6.85
0.65
-0.22
-4.45
2.17
1.66
4.0
-5.84
-6.54
-4.91
-7.35
-5.22
-4.82
4.08
0.91
-5.29
-1.58
-5.18
-5.62
-2.3
-6.56
-3.06
-0.54
-0.32
-6.35
-1.86
-5.64
-5.72
-4.39
-5.82
-4.62
-1.37
-4.01
3.38
-0.53
-5.13
-4.82
-5.35
-5.29
-6.75
-1.74
-4.95
-6.07
-6.26
-5.35
-5.42
-6.45
-5.43
-5.87
-6.81
-4.7
-4.32
-6.33
-4.11
-5.03
-6.15
-7.46
0.32
1.23
-5.48
1.41
-6.85
-5.32
-3.53
-0.93
-0.79
-6.58
4.82
3.33
-3.15
4.08
-5.72
1.53
1.55
-5.67
5.79
-5.79
-6.26
-6.62
-6.05
-4.97
-6.91
-6.11
-1.66
-6.27
-6.18
-2.67
-6.18
4.21
-3.0
2.71
3.32
0.17
-3.67
-5.62
-1.23
-6.77
-5.7
2.92
-4.03
-4.99
-2.78
-4.03
-4.49
-7.03
3.67
-0.42
-5.73
-5.45
2.85
-6.89
-4.23
-5.03
-2.77
-2.92
-3.86
-6.52
2.5
-5.26
1.28
-1.24
-6.56
-3.67
-4.91
-4.32
-2.27
1.22
-6.27
-4.67
3.87
-5.22
-6.68
-0.18
-6.31
-4.26
-5.84
-7.1
-0.24
-1.11
-7.03
-4.26
-5.99
-2.2
-6.39
-4.37
-5.99
-5.64
-6.13
-5.15
-4.42
-0.97
-5.39
-2.42
5.47
-4.26
3.78
-8.16
-5.39
-7.71
-6.37
-4.11
-6.6
-7.85
-2.15
-7.13
-5.75
-4.26
1.2
3.79
-4.72
-5.64
1.72
-6.67
-4.67
-5.62
-2.86
5.15
-4.62
-5.22
-4.86
-7.18
-5.11
-0.24
-3.59
-3.24
-4.91
0.73
5.32
0.55
4.3
-1.96
-4.39
-3.89
-3.66
-6.58
-6.26
-5.49
-3.0
1.63
-6.4
-3.11
-5.35
-4.18
-5.18
-6.31
-4.39
-3.95
-4.03
2.42
-5.39
-4.51
-5.26
-6.48
-3.22
-5.63
-6.31
-6.01
3.45
-4.54
-6.7
-2.65
-7.35
-6.86
0.82
-5.22
-5.95
-4.32
-4.83
-6.13
0.37
5.96
-6.85
-5.03
-5.15
-3.47
-4.05
-4.67
-1.74
-5.59
-5.29
-5.7
-4.95
2.22
-7.43
-1.4
-3.39
-1.24
-4.11
-2.07
1.0
-5.7
0.31
-5.39
2.26
-4.86
-2.78
-5.2
-1.2
-6.52
-6.94
-5.07
-5.7
-5.35
-5.54
-4.87
3.04
-1.33
4.0
-2.25
5.07
-1.18
-6.35
-0.62
-0.71
-6.64
-0.11
-5.18
-5.82
-4.07
-1.18
-4.39
-1.6
-7.02
-5.64
-0.76
-4.39
-4.24
1.2
-4.91
2.49
3.38
2.87
5.37
-2.14
-4.56
-6.18
-0.38
-6.37
-6.17
2.21
-6.95
-0.13
-4.45
-5.84
-3.86
-4.39
-0.25
-6.84
-5.26
2.91
-5.95
-5.07
-6.78
4.39
-5.64
-3.63
0.92
-0.09
-5.34
2.16
-5.97
-6.62
-4.03
1.55
-0.33
-6.32
-2.81
-4.95
-5.18
-5.51
-7.18
3.19
-4.32
-4.51
-6.54
3.64
-4.6
-4.32
-6.56
-5.94
-2.62
2.21
3.82
-3.38
-5.54
-7.05
1.45
3.77
0.14
2.72
1.77
-3.18
-3.65
-6.6
-4.26
-6.55
0.26
-6.52
0.07
-7.49
2.13
-1.45
2.83
-5.51
0.44
-3.83
-4.95
-7.06
-5.59
-6.29
-2.67
-4.86
-0.75
-5.45
-3.43
-6.35
-3.25
-3.63
-2.11
-4.11
4.71
-5.64
-6.2
-4.03
-6.27
-6.52
-4.56
-1.6
-5.22
-4.95
4.01
-0.49
-4.32
1.2
-4.97
2.76
-5.45
-4.49
-3.94
-6.05
-2.18
1.96
-6.63
-6.2
-3.14
-5.35
-0.48
-5.89
3.12
2.41
-4.39
-1.86
-7.46
-0.53
-4.32
0.57
1.63
-5.82
-2.45
-6.81
-4.06
-5.26
-4.85
-4.51
-3.32
4.36
-3.91
-0.36
-5.64
2.01
4.33
-6.2
-5.48
-5.51
6.58
0.26
3.68
-4.78
-4.6
-5.99
-3.11
-2.03
-6.46
-4.14
-6.55
-5.82
-6.09
4.31
-1.5
-4.86
-3.68
-5.32
-5.62
-6.25
-6.75
-4.51
5.78
-5.62
-0.58
-2.63
-5.86
-6.48
-3.84
-6.39
0.81
-0.8
-6.87
-4.51
-5.89
-2.75
-1.45
-0.47
-1.5
-5.95
-4.39
-5.67
-5.71
0.4
-4.11
-7.19
-5.29
-5.42
-6.46
-6.97
3.0
-5.67
-4.83
-4.32
-5.67
-5.67
-6.22
0.94
2.6
-6.32
-0.06
-4.86
-5.72
-6.29
-2.77
-4.11
-4.29
-5.15
3.71
-4.95
-2.0
-5.56
0.65
-6.9
-5.42
2.21
-5.22
-7.22
3.9
-5.11
-3.42
-6.62
-7.81
-6.13
-0.42
-5.48
-4.45
-6.89
-2.23
-6.03
-4.01
4.09
-1.9
-6.11
-5.48
4.33
-1.37
-4.59
3.29
-7.52
2.39
-4.32
-5.39
3.03
-3.54
-0.22
-2.28
-5.77
-6.4
-1.98
-1.96
3.77
-4.86
2.35
-6.72
3.59
1.95
-1.31
-0.17
-5.18
1.63
-5.51
-5.54
-3.97
-0.72
1.22
0.64
-7.05
-5.62
-7.02
-4.56
3.41
-3.29
-4.15
-5.45
-4.72
-0.32
-1.68
-6.56
-5.45
-4.17
-5.15
-5.18
-6.09
-6.01
-1.47
-5.15
-6.32
-1.34
-6.99
0.94
-5.7
-3.29
-5.89
-6.95
-4.51
-3.32
-5.54
-4.45
-6.39
4.21
5.39
1.85
-7.25
-7.62
-4.0
-5.07
-5.51
3.86
1.92
-1.04
-3.52
-2.83
-0.61
0.17
1.83
-0.86
-4.39
-7.6
-4.18
-6.9
-7.03
-3.64
-4.45
3.38
4.64
2.6
-3.62
-6.02
-4.39
-2.67
-3.05
5.05
6.2
3.88
-5.95
-6.58
-4.86
-2.67
-2.86
-5.18
-5.17
-3.74
-3.5
-5.59
-5.45
-5.75
-6.54
-5.54
-2.26
-1.03
-1.56
-6.24
-7.31
-3.53
-2.68
-2.43
3.09
-5.84
-3.79
1.62
3.05
3.09
-2.37
3.6
0.37
5.21
3.42
-1.57
-2.37
-1.99
2.24
-2.07
-5.29
-1.6
-6.01
2.23
-5.32
-6.54
-6.35
-2.51
2.06
4.67
-5.07
-5.22
-5.7
-3.91
-4.39
-6.26
-2.61
-4.67
-4.51
-1.34
-4.72
-5.99
-5.32
-3.92
-4.3
-5.59
4.15
-5.29
-0.71
-5.84
4.66
3.43
1.77
-3.79
-2.26
-4.45
-6.87
-6.49
-3.32
-5.79
2.78
-1.2
-4.77
-4.56
-4.03
-5.07
-6.96
-5.77
-2.16
-5.59
-4.13
-5.11
-3.52
-6.31
-5.48
-1.24
-4.87
-5.79
-3.98
3.87
-6.59
0.91
-5.92
-3.71
-6.79
-6.2
-6.54
-6.68
-5.97
-1.49
5.4
-1.83
2.6
0.58
-6.46
-4.39
-4.51
-5.02
0.27
-7.07
-5.48
-2.84
0.92
-2.33
-3.54
-6.51
-4.81
-6.13
-2.41
-0.92
2.64
-2.58
-4.39
-4.86
-2.27
-6.27
-4.95
-2.13
-6.48
-2.37
-2.93
2.84
-2.22
2.77
3.24
-5.99
-3.82
-6.24
-7.16
-6.79
0.89
2.45
-5.56
-2.55
-3.22
-4.45
-6.35
-5.51
-0.37
-3.15
-5.18
4.88
-0.59
-0.54
-6.31
-4.47
-0.77
-1.09
3.12
-5.48
-5.03
3.41
1.19
3.68
-5.22
-6.2
-4.86
4.35
-6.29
-5.62
-7.02
-5.86
-7.68
-2.14
-5.64
-5.42
1.42
-4.68
-6.62
-5.7
3.23
-3.85
-5.63
0.48
-1.71
-6.77
-5.82
-4.39
-0.77
-3.67
-7.56
-5.07
-5.75
-1.07
-0.13
-5.39
-6.63
0.51
-5.32
-2.91
-5.75
-5.79
-2.38
-5.18
-2.9
0.29
-2.03
-6.85
-6.64
-5.45
-5.03
-3.77
-3.79
-7.43
-2.93
-5.15
-0.53
-3.15
-3.77
-5.91
-1.18
-5.77
-3.39
-4.62
-0.06
-5.93
-5.17
-6.62
-5.29
-6.66
-1.83
-5.64
-6.81
-4.34
-3.03
-3.18
-5.72
-5.23
-3.62
-3.86
0.01
-5.34
2.98
-2.3
-4.64
-4.22
-3.7
-5.42
-0.28
-4.32
-7.35
-4.82
2.8
-0.11
0.09
-3.45
-2.37
-2.37
2.06
-3.14
4.89
-0.59
-6.43
-6.55
-5.39
-0.66
-7.02
-6.09
-5.15
-6.09
-2.36
-4.91
-7.21
-5.33
-6.56
-6.81
2.81
6.02
3.61
5.58
-4.27
-3.32
-4.56
-6.58
-6.78
-4.3
-3.39
-6.71
-6.18
-6.07
4.82
-0.01
-5.95
-6.77
-4.51
-7.35
-3.89
4.1
4.62
-0.4
-1.48
-6.21
-3.32
-5.9
-1.97
-6.64
-4.39
-5.12
0.45
-7.86
-6.51
-4.77
-6.2
-5.89
0.65
-0.13
0.3
-4.11
-4.11
-2.01
-5.32
0.29
2.6
3.38
-1.32
-6.56
-4.32
-6.85
-3.08
-0.64
-5.79
4.42
-4.82
-5.51
-2.15
-4.91
-0.74
-4.77
-4.99
0.58
-6.68
-5.22
-6.92
-6.43
-6.83
3.99
-1.78
-5.7
-6.17
-5.82
-4.95
-2.38
3.4
-2.64
0.55
-0.11
-1.63
-6.05
-3.22
-2.6
-6.13
1.73
4.48
-5.93
-1.24
1.9
4.31
-4.65
-5.07
-8.6
-4.79
1.42
-4.37
4.52
-4.18
-6.45
-6.05
-4.64
-4.51
1.7
-0.01
4.64
-5.15
1.77
5.54
0.08
-3.24
-1.23
-0.82
-4.91
-6.55
-7.08
-3.48
-6.09
-6.22
-2.8
-5.07
1.47
3.19
-5.84
-2.99
-5.93
-6.46
-5.55
-5.64
-5.72
-0.96
-5.7
3.0
2.06
-6.17
-4.51
4.59
-3.95
-4.46
-4.03
-4.39
-4.72
-7.89
-2.37
-2.75
-5.07
-0.15
-4.11
-4.84
-6.66
-4.32
-3.46
-3.32
-3.72
4.75
2.33
-4.56
3.59
-4.41
-2.27
-6.4
-3.53
-6.31
-4.39
-5.18
-5.97
-4.51
0.76
-6.9
-5.15
-6.31
2.36
4.91
-6.11
-5.45
-6.31
-4.86
-3.67
1.34
-7.17
-4.99
2.72
-2.86
-5.48
1.15
-0.91
-4.84
-6.13
-5.42
-3.99
-5.82
-3.16
-5.51
-6.13
1.76
2.61
3.37
-1.68
-2.96
2.86
-4.51
-7.04
-4.95
-4.06
-0.53
-5.22
-2.89
-6.56
2.97
-5.11
-6.93
-7.44
-6.18
-5.59
-3.45
-5.54
-2.29
-5.89
-3.7
-5.18
2.26
-1.93
-4.45
-5.75
4.93
-0.48
-2.03
-6.27
-3.25
-1.14
-6.71
-6.68
1.77
4.14
-0.79
-5.67
2.22
-7.19
-4.11
-5.15
-2.0
4.37
-6.15
3.72
-4.77
5.1
-6.17
-5.03
0.7
-5.99
-1.28
-6.2
-4.18
-4.95
-4.52
-2.29
-4.94
-0.89
-4.14
2.94
-6.84
0.74
-6.31
2.75
3.82
-6.11
3.86
-0.72
-5.91
-6.87
-4.37
-2.67
-3.86
-5.42
-5.37
2.85
-3.51
-5.38
-3.31
3.22
-6.71
-6.48
-4.95
-6.99
3.34
-4.54
-0.74
1.24
-7.35
-0.42
5.57
4.01
0.74
-5.48
-2.72
2.11
-6.26
-5.84
-4.91
-3.21
-6.24
3.65
-5.11
2.52
-4.83
-4.62
-4.0
1.02
-5.11
-1.8
-5.39
1.56
-6.07
2.68
-6.01
-4.46
-5.67
-6.37
-6.91
3.99
3.42
-0.54
-5.29
-5.93
-5.75
-5.67
-5.29
-0.16
-2.72
-6.48
-7.4
-4.51
-6.68
-5.03
-5.75
2.28
-2.0
1.86
0.46
3.94
-4.72
-5.48
-5.45
-6.68
-6.03
-4.95
-0.51
-4.54
-4.51
-2.63
-1.52
-6.26
-1.45
-5.99
-5.24
-6.46
-6.03
-4.23
-6.94
5.87
0.75
-5.99
-2.41
-6.43
-5.56
-2.54
-1.75
-4.86
0.38
-1.07
-6.45
-3.8
-4.56
3.07
4.15
2.22
-6.58
-6.55
-6.58
3.68
-3.96
-4.01
-6.09
-5.32
-6.92
-5.7
-4.18
-5.22
-6.58
-4.85
-0.39
-2.39
3.05
-5.48
0.29
-4.39
3.51
-4.51
4.0
-3.97
-6.29
-6.35
-1.86
2.14
2.25
-0.56
-5.95
-5.54
-4.99
2.78
2.72
2.48
-6.39
-2.86
-4.72
-2.35
-2.08
1.75
-4.67
-3.27
-4.86
-5.29
3.4
1.86
-3.43
-2.45
-4.91
-6.78
-4.26
-0.28
-7.28
3.21
-3.23
-6.08
2.53
-5.77
-5.91
-6.43
-5.93
-3.84
-5.42
4.47
-4.52
-5.03
-3.86
-3.54
-5.35
0.92
-5.91
-4.11
-6.55
-1.57
-5.75
-5.42
-0.12
-7.16
1.43
-3.71
-6.7
-2.99
0.06
-5.91
-2.51
-5.11
-5.29
2.04
4.7
-1.18
-4.91
-1.71
-2.89
-6.17
3.7
0.61
-5.39
-6.52
-5.03
-1.69
-5.32
-6.32
-4.39
-6.09
-5.71
-4.51
-5.99
-4.32
-2.29
-6.01
-5.79
-2.77
-0.93
1.58
1.24
4.14
2.75
-3.99
-0.04
-1.6
-0.05
-1.03
2.77
-3.01
-7.41
-6.85
-6.4
-1.67
-4.11
3.01
-4.82
-6.68
2.75
-2.37
-5.51
-0.26
-2.89
0.18
-4.67
-5.18
3.58
-2.53
-4.86
-0.83
0.2
1.72
-1.99
1.79
-6.56
-4.62
-4.86
-5.56
-6.63
2.9
-2.18
-5.15
-0.59
-3.35
-3.65
-2.16
-1.49
-5.64
-6.54
-4.51
-4.45
-6.97
-6.15
2.22
1.25
1.5
-4.86
-3.32
-6.66
-2.86
-5.99
-4.62
-6.15
3.93
-6.81
-7.25
-6.75
-5.59
-7.42
-4.48
-5.7
-6.29
-7.09
-7.06
-6.03
-6.27
-3.06
-7.69
-0.63
-5.54
-5.42
-5.51
-5.51
-5.99
-6.18
-6.63
-4.48
-6.55
-4.86
-4.79
-6.46
2.64
-7.33
-3.01
-0.49
-4.86
2.17
-0.5
-5.54
1.12
3.74
4.39
5.38
2.5
-2.7
-6.29
-2.54
-4.72
-1.92
-5.7
0.17
-4.86
0.22
-5.82
-3.76
-4.77
-1.58
-5.93
3.32
-4.65
-6.39
-2.74
3.42
-5.99
-5.7
-4.26
-4.32
-4.26
-4.95
-4.39
-6.26
-3.24
-4.16
-6.86
-5.46
-2.89
1.9
-1.06
-3.09
-5.15
-6.89
-4.86
-2.09
-3.86
-1.8
-4.26
-5.18
-4.51
1.55
-7.12
-5.17
0.9
0.87
1.06
-4.51
-5.65
-5.35
1.06
3.98
-7.26
-3.59
-1.26
-5.67
0.27
1.15
-5.29
-0.79
1.09
-0.69
-4.67
-3.18
-5.18
5.29
-5.67
-4.39
3.2
2.69
-7.07
-4.54
-1.45
-6.11
-6.22
-6.83
-3.16
-6.49
-3.89
-2.06
-5.56
-4.26
-4.34
-6.84
-6.54
-0.37
2.71
-3.34
6.09
-6.58
-7.79
-4.72
3.77
-4.45
4.44
-0.51
-6.86
4.97
-6.46
-2.94
-6.4
-6.64
-5.89
2.41
-1.57
5.48
-4.56
-3.94
-5.15
0.21
-6.09
-2.65
-3.67
-5.82
-3.41
-6.34
-6.32
-0.91
-5.67
-4.72
-6.76
-5.07
0.33
-4.51
-6.63
-3.62
1.64
-6.51
1.24
-6.27
3.72
-6.93
-6.27
-4.77
-5.59
-6.83
-4.03
-6.42
-1.72
1.5
3.32
3.58
2.04
-2.91
-6.17
-6.56
-6.09
-5.67
-5.03
-4.67
0.48
-6.01
-5.93
-1.02
-4.54
-2.14
-4.72
-6.49
-4.23
2.89
-4.45
2.18
-4.51
-6.58
-6.39
-0.24
-5.62
-5.42
1.32
2.76
-3.4
-0.56
-6.22
-6.26
-4.56
3.23
-1.97
-0.1
-4.09
-0.92
2.92
0.63
-4.91
-6.01
-3.95
-7.04
-5.39
-0.75
-5.51
-5.11
-6.51
4.64
-5.07
-1.13
-3.03
-5.27
-2.35
-5.39
-5.54
-5.97
-1.62
-0.18
-3.18
-6.39
-3.41
-3.99
-0.34
-6.4
-7.71
-5.97
2.16
-6.66
-6.94
-1.32
-6.26
0.39
-4.51
-5.79
-5.54
-4.91
-3.82
1.18
-4.62
-6.82
-7.22
-1.05
-5.89
3.09
-7.08
-6.95
-6.13
-0.25
-4.03
-7.4
-4.86
-5.39
-7.07
-6.91
-7.32
-3.6
-3.0
-4.11
-3.86
-6.39
-4.51
-4.91
-6.54
-5.75
-6.81
-4.91
-5.51
-2.74
-4.26
-4.22
-4.97
-6.66
-7.4
-4.38
-3.95
-5.03
-5.22
-0.1
-5.03
-6.58
-7.75
0.45
-3.8
0.49
-4.77
-6.56
-5.97
-5.18
-4.86
-5.32
-5.77
-6.62
-4.81
-4.56
-4.49
-5.82
-6.78
-3.95
-6.59
-3.24
-0.75
-1.75
-6.54
-0.98
-1.39
-4.12
-6.42
-5.99
-5.42
-5.03
-7.96
-1.0
-5.54
-6.67
-5.11
-3.86
-4.31
-4.45
-1.74
0.27
-1.52
-3.62
-4.18
-5.18
-6.75
-4.92
-5.32
-6.55
-6.22
-6.45
-4.18
-5.22
-1.64
-5.64
-5.11
-2.09
-5.82
-6.75
-1.6
-0.48
-5.11
-5.35
3.11
1.6
-4.45
-4.07
-5.11
-3.53
3.59
-6.49
-6.09
2.18
-5.55
-6.05
-5.83
-6.13
-6.72
-6.32
-3.8
-1.78
-7.13
-6.07
-3.55
-5.45
2.36
-2.72
-1.81
3.67
-4.95
-0.21
-6.56
2.15
-5.62
-5.48
-0.63
2.77
-6.79
2.58
-3.36
2.53
-5.49
-5.86
-7.23
-7.02
-5.72
-6.05
2.17
-3.29
-1.8
-6.37
-5.7
-5.89
-5.26
-5.03
3.15
2.01
-3.1
-4.67
2.66
-5.82
3.54
-4.95
3.31
-3.03
-4.18
2.17
-2.15
-5.75
-5.86
-7.16
5.26
-6.24
-0.22
-4.03
2.62
-4.56
-5.39
-4.45
0.41
-7.26
5.73
-3.96
-2.64
-2.45
-3.54
-4.26
-6.35
-7.04
-4.26
4.12
-3.13
-1.98
-6.07
-4.62
-4.32
-5.42
-5.26
-1.25
-5.84
-7.68
-6.59
-6.07
-1.81
-5.27
-4.67
0.06
-4.26
-5.7
4.44
1.97
-5.72
-1.37
-6.13
-4.92
-6.94
-5.32
-5.14
-6.63
-5.17
-6.91
-5.45
-3.22
-1.92
-4.18
0.16
1.23
4.3
-7.33
-3.41
-2.32
-6.7
-6.49
-5.79
-3.42
1.59
-5.56
-5.95
-6.51
-2.02
0.62
-5.79
0.14
1.23
-5.54
-5.72
-4.69
2.72
-4.11
-6.18
-6.32
-0.74
-6.15
4.66
-5.29
-4.56
-1.81
-4.51
3.87
0.68
-7.13
-6.59
-6.31
-5.38
2.1
1.46
-4.72
-4.47
-6.84
-5.91
-7.09
-4.99
-5.99
-6.49
-6.79
-7.07
-1.23
1.26
-1.45
5.65
4.71
4.15
1.43
-6.64
-5.32
-1.97
1.46
-5.45
-7.12
-5.29
-5.56
-0.97
-2.73
-4.43
-5.75
-1.66
-7.41
-3.85
-5.15
-5.95
-4.79
-5.22
-3.53
-7.06
-6.48
-4.21
-1.8
-0.77
-7.13
-4.95
-4.14
-4.45
1.72
-0.58
-4.82
1.38
-2.28
-4.02
-5.01
-5.17
-3.71
-2.53
-5.93
-6.03
-5.82
-6.43
1.7
-5.48
-5.24
-5.92
-6.63
-3.89
-2.67
-6.76
-6.89
-2.45
-4.82
-6.45
-6.43
-6.18
-7.37
-6.07
-6.31
-6.49
-4.31
-5.22
-4.03
-4.95
-7.23
-4.77
-0.19
-4.72
-3.89
-6.79
-4.26
-4.42
-6.31
-6.05
-6.54
0.05
1.48
-6.94
3.15
3.7
-0.12
-6.37
-5.86
-6.05
-4.99
-6.01
-4.44
-4.28
-6.11
0.14
-4.67
-0.67
4.03
-5.59
-5.93
-6.11
-4.89
-4.67
0.09
-4.18
-5.13
-4.59
-5.89
-5.39
-5.37
-4.24
-5.41
1.19
5.29
2.38
1.1
-4.91
-6.11
-7.02
-2.82
-2.91
0.01
-5.32
-4.69
-6.77
-7.33
-0.92
-3.56
0.17
-5.18
-6.45
-5.11
-1.95
-6.66
-0.88
-2.35
-4.26
0.64
3.27
-3.06
-4.7
-6.81
-4.77
1.14
-0.21
-3.69
-3.39
-5.79
-7.0
2.94
2.1
-4.94
-0.43
-2.27
-5.07
-6.3
-6.73
-6.06
-6.39
-7.2
-5.76
-4.51
-3.95
-4.25
-6.93
-7.47
-3.59
-5.84
2.36
3.19
-7.49
-6.22
-5.71
-4.48
-5.29
-4.56
-4.21
-6.05
-3.21
-1.99
-3.6
-1.5
-4.32
3.0
-6.71
-1.32
-4.45
-1.6
-2.83
-1.39
-5.93
-6.81
3.05
-2.99
1.96
1.32
-3.88
-4.72
3.22
-4.99
-5.31
-2.65
-5.54
2.59
-0.48
-0.42
3.16
2.21
3.07
-3.39
-5.51
3.58
-2.6
-2.28
3.09
-6.24
-7.4
-7.68
-6.01
-2.77
3.72
-5.45
-4.27
-2.58
4.0
-0.58
-6.4
-4.39
1.28
2.89
-4.86
-5.82
-5.84
-3.37
-5.35
-0.27
-7.21
-4.15
0.24
-7.16
-4.62
-3.56
-5.57
-2.1
-2.39
-5.26
-6.83
-4.22
-0.82
1.93
3.82
4.22
-5.42
-5.15
-5.97
-5.67
-5.62
-2.32
-5.35
-0.39
-5.93
-4.51
-5.91
-2.49
0.94
-7.12
-1.25
-0.21
1.73
-6.49
-5.79
-4.11
-7.74
-5.58
-3.95
-2.47
-3.85
-6.31
-5.45
-4.91
-6.66
-2.61
5.22
-0.01
3.81
-5.67
-3.78
-5.99
-4.56
-3.18
0.43
-7.31
-6.29
-5.45
-5.11
-4.03
-6.63
-4.56
-5.97
-4.14
-5.23
-4.03
-4.26
-5.26
4.04
-3.82
-0.6
-0.1
-4.39
-4.95
3.2
-5.54
-4.38
3.23
-5.23
3.18
-6.3
-6.72
-7.07
-0.97
-5.55
-2.34
1.86
-5.59
-2.96
0.84
-6.62
-5.84
-4.28
-4.54
-6.05
-6.07
-2.67
-5.7
-0.22
-4.91
0.33
-1.38
0.25
-6.35
-5.64
-5.54
-7.26
3.83
-4.11
2.12
-5.54
-4.74
4.31
4.19
-3.26
-4.11
-5.84
-6.54
-4.56
-6.29
-4.18
4.01
-4.82
-4.13
4.59
-4.86
-4.07
-6.03
-2.7
-5.35
-5.45
-4.08
-6.13
-7.14
0.41
-0.12
-5.07
-4.58
3.15
-5.54
-4.72
-2.53
-3.56
-5.26
-6.9
-5.45
-5.22
-4.82
-4.32
3.7
-1.42
4.17
-7.26
-4.56
-5.91
-5.59
-6.48
-3.03
-2.72
4.21
-0.0
-4.77
-6.03
0.41
-0.94
0.72
-5.45
-7.37
-3.09
-5.64
-7.05
2.39
-4.39
2.28
-3.99
-5.39
-5.22
-3.62
-2.95
-1.83
-5.67
-5.79
-5.75
-0.17
-7.01
-5.89
-1.52
2.66
-4.41
-5.03
-5.15
-6.05
-0.36
-6.24
-4.97
-5.72
-6.56
-3.05
-5.11
-6.03
-4.85
-4.82
-2.41
-5.48
-6.2
-7.18
-5.72
2.74
-3.1
-7.09
-6.93
-0.07
-1.15
-5.77
-5.77
-6.58
2.29
-2.65
2.48
-5.7
-3.14
-7.16
5.64
-4.11
5.03
-6.18
3.86
-6.07
-6.54
-5.82
-3.85
-5.89
-4.11
-0.76
-6.18
2.61
0.31
-0.23
-6.07
-4.99
-7.12
-6.37
-4.86
-6.58
-6.85
-7.11
-5.89
-4.45
-7.54
-3.64
-5.35
-0.37
-0.86
-6.13
-4.56
0.99
-6.73
-1.45
-6.24
-7.53
-5.29
3.04
3.17
-1.45
3.14
-5.93
4.05
-6.4
-7.22
-1.8
-3.56
-1.82
3.49
-4.46
1.14
-4.56
-5.75
-6.82
-5.77
-4.51
3.9
-4.01
-2.88
-6.82
-6.92
-0.62
-3.94
-4.17
-6.75
-4.01
-2.47
-5.91
-7.66
2.74
-3.86
-1.04
0.12
-1.6
-4.82
-2.96
-5.17
-4.62
2.31
-6.15
-6.77
-6.11
-5.95
-0.58
-4.82
5.16
-2.17
2.02
4.23
-3.14
-3.59
3.1
-1.7
-6.09
-0.53
3.26
-6.83
-6.3
0.12
1.99
3.68
4.06
-4.39
2.62
-3.83
-2.72
-3.03
-3.45
2.18
-6.49
1.43
-7.55
-6.4
-1.83
3.74
2.22
-1.14
-0.66
-5.11
-6.82
-7.8
-5.59
-4.82
-5.35
-2.93
-6.2
4.48
-6.81
-6.94
-6.55
-0.77
-7.29
-4.0
-0.07
-4.46
3.34
-4.77
-4.41
-5.93
-5.67
-3.63
-7.75
-5.64
3.87
4.07
3.82
-6.67
-0.99
-5.86
-2.18
2.6
-3.55
-1.77
-5.7
2.95
-2.66
-5.17
-0.63
-5.35
-5.99
-4.62
-2.92
-2.13
-5.79
-5.42
-6.68
-5.99
-1.35
-6.34
-3.95
0.03
3.93
-5.86
-5.92
-4.45
-5.67
-5.43
2.75
0.55
-2.72
-5.95
2.53
-3.92
-5.11
-6.15
-6.15
-3.73
-5.59
-6.07
-0.22
0.41
-3.08
-1.95
5.67
-6.01
-4.72
-6.42
-6.89
-5.15
-6.99
-5.84
-7.12
-6.29
4.03
-7.49
-2.09
-3.92
-6.13
-7.04
-3.34
1.93
-1.29
-5.26
-6.55
-6.52
3.43
-2.55
-4.39
-2.9
-4.39
-5.45
-6.01
-4.39
1.42
-3.18
-3.72
-6.51
-4.51
-3.92
-0.57
-2.67
-3.34
4.74
2.28
-5.03
3.25
-4.91
-3.95
-3.86
-4.39
-4.45
-6.01
-4.03
-1.54
-6.67
-4.95
-5.93
-5.56
0.93
0.89
2.15
4.79
-5.18
-5.62
-5.48
-5.15
-6.78
-5.06
-4.49
-6.67
-5.91
-5.32
-6.13
-5.99
-3.95
-1.4
-5.64
-6.35
5.83
-5.22
2.68
-2.95
3.38
-4.72
-0.29
-6.52
-3.8
-5.35
-0.91
4.62
-1.36
-4.72
1.57
-4.82
-3.23
-2.77
4.07
0.55
2.14
4.19
2.72
-6.42
4.36
-3.03
5.04
-0.23
-2.45
-5.48
-6.55
-7.51
-3.5
-6.18
-5.7
-0.49
-6.62
-4.06
-5.7
-4.3
-6.6
-5.95
0.31
-6.15
-3.75
-5.07
-2.75
-5.18
-6.46
-6.75
-4.56
-0.38
-2.45
-6.99
-1.16
2.29
5.55
5.38
0.64
-6.11
-5.32
-4.86
-5.72
-4.64
-4.86
-3.75
-5.86
-6.59
-5.93
-6.49
-6.31
-4.99
-6.81
-4.35
4.04
-0.78
-4.6
-7.32
-6.26
-1.23
1.74
-0.38
-4.91
0.13
-4.62
-4.45
0.72
1.31
1.72
-2.56
-6.93
-3.95
-1.67
3.08
-4.86
-5.75
-5.22
-3.14
-6.09
-5.18
2.85
-4.96
-0.82
2.02
4.5
3.2
0.31
-1.07
4.01
-4.11
-4.72
-2.37
1.97
-1.52
-3.97
0.87
-6.13
-6.85
-6.05
-0.59
-5.08
2.64
5.54
-6.07
4.62
-4.86
-1.95
-5.29
-6.09
1.61
-5.11
-1.65
-6.18
-6.32
-5.11
-5.18
-1.52
-7.04
-5.07
-5.63
1.29
-1.23
-1.42
-5.45
-5.09
-1.83
-5.11
-4.32
-0.96
-4.31
-5.64
-7.41
-6.7
-3.48
-4.4
-2.41
-5.42
-6.07
3.07
-4.91
4.61
2.71
-6.24
-6.58
-5.26
-5.77
-5.21
0.77
-0.32
-2.03
-4.06
0.94
-5.39
2.22
-5.39
-2.88
-3.92
2.24
3.47
0.72
-1.06
-6.22
0.87
-4.39
-3.53
-5.22
-5.51
-5.84
-5.62
-7.51
2.19
-2.45
-0.79
-0.01
-5.15
-4.43
-4.37
-7.75
-5.82
-6.31
-6.07
-1.32
-5.26
-6.35
-5.89
-5.29
4.91
-7.08
-0.67
-5.54
-1.86
-5.03
-6.51
-6.09
-1.86
-5.58
5.96
-3.61
-0.09
-4.11
-5.48
-0.67
-3.56
-6.78
-5.39
-4.35
-1.32
-5.75
-5.56
-5.84
-4.82
-2.45
3.27
-0.29
-4.95
-5.84
-7.07
-6.7
-5.89
-0.69
1.55
0.85
-7.34
-2.72
2.93
-5.39
-4.42
-4.95
-3.51
-5.42
-4.67
-1.7
-7.15
-2.5
-2.83
-3.01
-5.02
-7.41
-6.43
-3.52
-6.82
-4.3
-6.4
-3.82
-0.79
-6.84
-5.15
-5.45
-4.26
2.1
-6.52
0.46
-3.66
-5.42
0.99
-4.56
-5.48
-6.32
-6.81
-6.09
-6.56
0.6
1.43
-4.39
-7.04
-6.37
-6.87
1.27
-2.89
-5.89
-5.39
0.14
-2.67
-5.84
-7.08
-4.1
-4.77
-3.86
2.09
-0.4
2.54
2.4
-5.32
0.23
5.22
-2.77
-1.86
-4.91
-4.82
-2.93
-5.79
1.7
-4.72
-6.39
-4.99
-0.31
1.12
-5.97
2.16
-4.32
-4.32
-5.03
-6.55
3.35
-4.04
-2.82
-5.18
-5.15
-3.11
0.29
-3.05
-6.43
-7.01
-2.75
-0.44
4.36
4.2
-6.34
-2.76
3.38
1.02
0.02
-4.86
1.19
-4.86
-5.99
-5.29
-0.37
-3.52
-2.45
-5.26
-3.05
0.56
-2.85
-1.39
2.23
-5.64
6.37
-5.56
-1.35
-6.84
-4.65
-5.15
0.18
1.33
2.6
-7.41
-4.6
-3.54
0.51
-4.99
-2.74
-1.04
3.01
-6.37
-5.54
-4.03
-2.14
-6.03
-6.59
-7.29
-4.67
-7.42
-6.13
-5.39
-6.15
1.19
-6.18
-6.63
-6.86
-0.86
3.24
-6.97
-5.29
-6.55
-2.33
0.36
-6.24
-4.42
-5.67
-6.87
-6.68
-5.02
-1.34
-5.24
-4.28
-5.99
-4.02
0.47
-6.86
-6.51
0.6
2.47
-6.07
-3.1
-6.49
-3.63
-2.57
-6.52
-1.67
0.07
-5.07
3.53
-4.95
-0.48
-6.82
-6.46
-5.35
4.95
-5.4
-4.56
-5.26
-6.72
-6.01
0.47
0.79
-4.25
-6.66
-5.45
-7.46
-3.03
-5.98
-4.64
-5.97
-6.09
-4.11
0.28
-2.18
-6.49
-2.43
-5.82
-4.45
-6.91
-4.11
-5.64
-5.99
-5.18
-6.6
-5.18
-6.12
3.19
3.03
-5.89
-4.45
-6.81
-6.18
-6.55
-0.64
-4.99
-6.83
-6.77
-6.28
-2.4
-3.95
-6.22
-1.18
-6.07
-4.35
-1.22
-7.1
-5.99
-2.23
-5.84
-5.42
-6.85
3.08
-2.37
-6.6
-4.95
-5.7
-1.59
-5.86
-4.56
-1.3
-6.97
-6.03
-5.97
-5.35
-1.13
0.73
-4.77
-6.51
2.46
-0.25
-5.26
-6.71
-3.82
2.37
-1.74
-5.11
-6.09
-0.9
-4.82
-4.43
4.42
-1.09
4.03
-5.03
-6.4
-4.72
-6.05
-6.37
-4.95
-5.75
-1.6
-4.82
-4.82
-6.35
-5.03
-6.62
-5.51
1.18
-4.26
-2.54
1.69
3.78
4.48
-2.91
-5.79
-1.7
-7.04
-1.18
-6.13
-4.91
-8.07
-3.67
4.9
-6.64
-6.49
-6.78
2.88
-5.09
-5.82
-1.97
0.42
-4.64
-2.41
-4.18
-4.86
-6.46
-4.95
-5.7
-5.72
-3.95
-1.21
-4.95
-6.07
-5.32
-0.38
-4.67
-6.45
1.55
-2.13
0.52
-4.16
-4.3
-6.11
4.31
-6.84
-5.46
2.65
-6.26
-6.72
2.24
-0.91
-5.46
-6.31
-1.91
-5.7
-2.69
-5.42
-5.67
-3.07
-2.24
-4.4
-7.1
-7.09
-6.09
-4.99
-4.95
0.36
-6.07
-0.86
-4.22
-4.32
-5.35
-3.91
0.23
-5.67
-5.93
-4.91
3.86
-2.47
3.36
0.93
-5.05
-4.91
-5.54
1.32
-6.18
-1.96
-3.95
-4.18
-0.27
2.84
-5.95
-1.97
0.06
-5.57
-5.75
0.71
1.09
3.45
-2.98
-6.63
-3.71
-2.28
-6.6
-2.38
-3.03
-3.27
-5.42
-5.11
-6.31
-4.4
-2.53
-6.15
-4.86
-3.69
-6.39
-5.26
-5.62
-6.15
-5.26
-4.86
-3.4
-4.86
-7.54
-6.93
-4.72
-3.09
-5.07
-5.71
-1.81
-1.45
-3.64
-7.64
-6.25
-5.39
-0.24
-5.45
-2.86
-6.46
-4.51
-6.25
-4.67
-3.18
-6.59
0.4
-0.29
3.56
-6.92
-6.55
-1.81
-4.11
-6.52
1.94
-6.27
-5.02
-3.64
-6.68
-4.18
-6.32
-0.73
0.34
-1.67
-1.12
3.59
-6.17
-4.11
-5.32
-5.18
1.57
1.61
-6.46
3.72
-5.99
2.36
1.03
-6.15
-5.86
-0.5
-6.64
4.43
-6.43
-5.67
-6.93
-3.3
-5.03
-6.32
-5.7
2.38
-7.08
-3.1
1.04
3.24
-3.03
-2.83
-6.49
-5.75
3.4
-1.77
-6.63
-7.38
-2.86
-5.29
-1.16
-4.45
3.2
4.55
-6.7
-4.65
-5.07
-4.51
-6.62
-3.22
-4.62
-6.09
-1.57
-6.72
-0.75
-4.51
-4.7
-5.17
3.97
-2.29
0.85
-2.62
-4.72
-1.03
0.07
-6.99
3.94
-4.03
-3.54
-4.89
-7.26
-7.04
-5.59
-6.2
-6.45
-2.68
-4.91
-6.62
-4.99
-6.05
-0.92
-7.29
-3.14
-4.91
-7.3
-2.79
-4.42
-2.72
0.65
-6.4
3.22
-6.01
2.1
-0.06
-5.62
-5.66
1.81
-4.06
-2.41
-5.42
-4.18
-5.75
-3.16
-4.18
-4.16
-5.27
2.84
-1.86
-4.02
-1.43
2.89
-5.07
-2.1
2.01
-4.51
1.84
-3.48
3.15
2.5
-3.95
-6.13
0.33
-5.7
-8.04
-6.89
3.28
-4.39
-5.97
-1.3
-6.54
-5.29
-4.72
-5.56
4.14
-6.78
-3.2
-6.35
-4.71
0.6
-4.32
-2.38
-5.39
-6.43
3.68
2.43
1.33
-1.56
-3.48
1.91
-5.86
-6.09
-5.75
-4.9
2.32
6.32
-5.22
-5.93
-2.37
3.99
-6.46
-2.09
-2.23
-4.67
3.72
-5.82
-5.18
1.52
-6.32
2.68
-6.2
0.84
-3.67
-2.11
-2.18
1.46
3.13
0.07
-5.77
-5.84
-5.16
5.41
-5.77
-5.93
-4.37
-6.01
-4.18
-4.24
-5.48
-4.45
-6.66
2.27
3.59
-5.91
-6.59
-6.11
-5.77
-6.63
-0.79
-7.56
-5.35
-2.8
0.93
-5.27
-6.4
3.2
-3.85
-5.72
3.18
4.01
-2.6
-0.25
4.14
-4.91
-4.26
-5.82
-3.34
2.79
-8.04
1.17
-2.79
-5.84
-3.56
-7.1
-5.84
-7.06
-5.64
-3.18
-2.5
3.93
-2.53
-0.23
-5.26
-3.77
-4.39
-7.07
-5.11
-4.72
4.72
1.82
-3.77
-3.26
-4.73
-6.71
-2.07
2.6
-7.18
-5.99
-4.26
-7.59
2.6
-7.14
-6.64
-7.31
-6.43
-5.2
3.33
-3.56
3.32
-5.46
-4.62
-0.04
-5.97
-5.93
-3.12
-6.49
-3.95
-1.86
-2.65
-5.15
-5.59
-7.3
-0.96
-2.74
1.85
-6.45
-6.27
-1.72
-4.97
4.58
-2.76
-6.03
-6.05
-5.77
2.08
-7.01
-7.39
-0.65
-5.59
-4.27
-4.99
-6.58
-6.67
2.22
-4.56
-6.05
-3.39
-4.82
-4.26
-5.79
-0.04
4.66
-4.39
-6.29
-6.35
3.06
-7.32
-5.44
-4.51
-2.74
-5.7
-6.91
-4.16
3.65
-5.32
-5.72
-6.11
-5.07
0.67
-5.48
-6.07
1.38
-5.26
2.74
-4.05
-4.45
-6.05
-6.59
-5.48
-4.51
-6.01
1.35
-1.02
-4.45
-6.7
-6.6
0.91
3.55
1.35
-3.86
-2.75
-1.45
-5.86
-2.53
-2.6
6.21
2.94
-2.45
-2.55
1.63
2.36
-6.56
-4.56
0.14
-0.66
-0.25
4.37
-0.6
-4.43
4.06
-2.37
-6.6
-6.39
-3.62
-6.77
-7.7
-4.83
2.82
-5.42
2.64
-7.45
2.43
-5.67
-3.51
-6.2
-4.8
0.91
0.33
-5.51
-5.79
-7.03
-5.33
-5.97
-2.2
-2.21
1.02
-2.09
-6.4
-4.72
-5.54
-6.62
-4.56
-6.09
-5.29
-3.72
-5.07
4.54
3.42
-0.15
-6.26
4.39
-2.8
-3.16
-3.76
-3.18
-2.74
-6.43
-2.51
-5.26
-4.56
2.2
-4.75
1.09
0.92
1.0
-5.99
-5.22
-1.5
1.5
0.95
2.17
-7.07
-5.15
-4.86
-6.76
-6.09
-6.24
-6.17
-6.13
-3.61
-7.29
-3.34
-6.11
-5.77
-6.46
-4.15
-5.56
-5.64
-7.26
-5.29
-6.52
1.26
-3.14
-5.22
-3.86
-4.75
-6.24
-4.82
-1.48
0.67
-6.59
-2.18
-6.93
-5.35
-3.03
-3.1
-3.7
1.6
-6.62
1.94
2.62
3.35
5.13
-5.05
-5.7
-5.77
0.23
-0.58
-2.38
-3.67
2.33
-3.39
-5.93
0.78
-4.11
-2.92
1.01
-5.63
-0.86
-3.75
-3.06
-6.17
-4.11
-5.77
-0.79
-4.99
-5.45
-6.58
-5.07
-6.26
-6.91
-5.99
-6.51
6.46
1.81
-6.45
0.62
-7.58
5.27
-5.62
-2.53
-3.86
-2.54
-4.62
-7.12
-5.32
-2.11
-5.45
4.24
-5.19
-7.91
-2.32
-0.39
4.34
5.68
0.76
4.26
4.25
-1.87
-3.65
-5.3
-3.95
1.03
-0.45
3.36
-5.35
-7.05
-3.03
-4.11
-4.62
-4.93
-4.23
-5.75
-6.94
-7.18
-5.51
-5.64
-5.54
-2.74
-2.64
-4.61
-6.7
1.44
-0.6
-0.29
-1.73
3.54
2.17
3.11
-7.12
-5.29
-0.65
-2.65
3.69
4.14
-4.29
-6.11
-4.54
-5.91
-5.11
-5.26
2.53
1.47
-3.81
-6.15
-4.99
-4.67
-5.84
-4.91
-4.86
-6.93
-6.34
-5.42
-6.77
-5.64
-1.32
2.25
6.16
-6.01
-4.11
-2.07
-0.58
-4.72
-4.96
-7.49
-3.48
1.71
-4.45
-6.2
-6.07
-0.67
-0.42
-6.42
-5.15
2.31
-3.45
1.9
2.14
-7.29
-1.8
-4.94
-5.62
-5.89
-6.01
-2.54
-4.77
5.4
0.46
4.3
-6.43
-5.93
-3.95
-4.56
-3.67
-3.21
-5.26
3.28
-2.63
-1.37
-1.01
-4.77
-4.91
-6.01
4.67
1.27
5.48
3.14
-6.18
-3.13
-4.26
1.87
3.47
-0.19
-4.95
2.63
-3.86
-6.31
2.86
-2.03
-6.45
-6.11
-5.42
-6.02
-7.21
-4.89
-2.63
-3.54
-0.09
-7.0
-4.26
-3.22
-5.39
3.04
-1.45
-2.69
-5.54
-0.04
-1.03
-4.95
-0.47
-2.83
-7.66
0.33
-2.11
-5.03
-6.24
-1.59
-4.64
-6.42
-5.42
-6.6
-1.08
-4.01
-5.99
-6.81
-5.91
1.23
-5.86
-5.22
5.12
-3.93
-3.64
-6.09
-3.14
-5.73
-0.98
-3.77
-2.45
-3.39
2.61
-6.59
2.12
-5.54
-3.99
-5.86
-3.95
1.5
0.59
-4.56
-5.88
-5.89
-0.96
-2.86
-6.35
4.41
-1.17
-4.82
3.05
-2.82
-1.32
0.19
-3.67
-5.59
-4.67
-4.86
-4.21
-7.15
1.14
-5.7
-5.39
3.01
-5.22
-2.26
-0.1
-5.79
-7.03
-4.62
-5.91
-4.56
5.22
5.07
-4.93
-4.45
2.01
-5.77
-7.26
-6.39
-3.03
-4.45
-3.79
-5.35
-5.79
1.62
-5.51
2.19
-0.41
-4.72
-5.07
0.25
3.31
-1.03
-5.79
-3.23
-4.56
-4.86
-7.9
3.31
-4.56
4.0
0.63
2.21
-1.96
-6.34
-6.05
-4.62
2.34
4.45
-2.13
-5.45
-4.45
-6.43
-4.17
-5.62
-4.51
-6.93
-2.06
-7.15
-3.15
-2.23
-2.34
-5.62
-6.03
-6.84
-6.01
0.56
-7.09
2.59
2.34
-7.02
-5.75
-5.62
-0.39
-4.42
0.69
-5.7
-6.29
-5.79
4.54
-5.54
-6.94
-6.45
-5.99
0.08
-5.07
-2.48
-7.2
-4.11
-4.51
-5.84
0.31
-5.79
-5.45
-3.93
2.1
0.77
-6.07
5.49
-5.07
-6.09
1.81
2.92
-5.99
-4.26
-6.35
1.05
-4.83
-6.54
-6.31
3.74
-1.93
-4.18
0.48
-5.18
-6.13
2.12
-6.31
-2.11
-6.76
-3.4
-4.06
-6.11
-3.49
-5.82
-4.67
-4.21
-7.12
-6.93
-4.92
-5.35
-4.77
-3.43
-3.1
-5.77
5.38
-5.5
-6.31
-5.97
-5.99
-7.85
-4.56
-6.48
-4.11
3.0
3.91
1.93
-5.81
-7.12
-5.18
-2.9
-8.1
-6.01
-4.62
-4.67
-5.42
-5.91
-5.03
4.46
-4.79
-4.23
-6.46
3.34
3.06
-6.35
-5.39
-3.42
-5.93
-6.77
-7.11
-1.03
-2.42
-2.09
