-0.25
-5.29
6.92
-0.47
1.27
0.97
0.58
0.12
-3.99
3.92
6.03
-0.32
-2.93
-0.38
1.94
1.16
1.62
1.49
1.65
1.75
4.09
-0.29
-6.38
0.24
-5.71
1.99
-2.66
0.33
-1.96
-5.31
-5.59
-0.66
-1.02
2.51
0.39
4.04
-0.53
0.58
-1.52
2.1
1.22
-5.32
-0.91
-5.95
-1.0
-1.87
2.08
5.93
-6.17
-0.74
5.22
3.33
0.13
2.68
5.09
-1.64
6.53
2.16
1.6
1.16
1.74
-6.23
-5.6
-1.23
1.1
0.4
-0.82
-0.04
3.3
1.75
6.15
-1.93
0.78
1.52
5.03
-0.52
1.51
-0.28
5.81
-0.19
-5.11
0.0
-4.02
2.47
-1.16
-0.1
-6.17
1.58
0.13
-0.04
0.47
1.87
-0.14
-1.4
5.02
1.97
3.37
3.87
-4.75
-6.43
5.59
1.6
1.08
-0.79
2.0
6.38
1.81
2.0
-1.47
-1.12
0.6
-3.57
-5.59
-4.25
0.31
-2.17
-1.12
1.73
-1.61
-5.71
-0.48
-1.35
2.43
-1.04
-6.77
4.17
7.55
3.08
-0.31
-5.39
-0.3
-0.52
3.22
-5.96
0.01
2.33
0.54
-0.0
-4.82
0.67
2.95
-1.46
1.14
4.34
1.25
0.48
0.58
0.06
3.81
-0.9
-5.75
-0.62
1.88
-6.67
-4.67
0.84
-1.44
-6.2
6.48
-5.58
0.24
5.84
-5.23
-2.76
-1.74
1.52
-0.31
-3.65
-6.23
7.63
2.65
0.95
-6.42
0.01
1.26
-6.52
1.0
1.9
4.74
6.27
3.33
5.59
5.47
1.67
-2.06
1.84
0.38
-0.96
1.05
3.31
3.21
-2.25
-1.73
-6.12
-0.05
-6.23
0.26
3.76
2.13
-6.9
5.0
-0.14
-3.16
0.51
-0.53
-6.19
-1.19
-0.68
-1.59
-5.42
-0.97
-1.9
-0.28
-1.48
-0.54
1.02
0.46
0.53
-1.63
-6.27
-5.72
0.38
-1.43
-3.44
-5.22
-1.57
-0.41
-5.82
1.79
0.64
-2.54
-0.56
-0.99
2.41
2.81
4.43
-3.13
-4.67
1.53
1.08
-1.62
4.14
-0.77
8.6
-6.28
1.28
-0.51
-5.8
5.37
0.43
0.66
-6.56
-4.52
-1.27
1.23
-3.51
0.95
5.86
2.11
7.11
1.21
-5.26
4.59
5.4
5.29
4.33
-4.06
-1.85
-4.82
1.57
0.27
-0.83
2.26
-4.22
0.27
2.11
-0.64
-2.45
-1.33
2.25
-4.74
-1.98
-1.32
-5.92
1.8
7.5
7.03
1.34
0.59
-0.63
-2.6
-1.35
1.37
0.15
-5.97
5.69
0.23
1.98
0.39
0.02
2.46
-5.93
4.46
4.47
5.21
-0.19
0.19
1.25
-5.76
1.9
4.98
2.71
1.84
2.58
-2.04
3.1
0.07
-6.07
0.27
1.5
-3.59
0.21
0.81
2.06
0.93
1.76
1.1
-1.55
-0.66
-6.58
4.12
0.94
0.82
0.36
-1.88
2.11
3.33
1.84
0.17
0.56
6.71
5.47
-2.45
5.01
3.2
0.54
1.82
-5.53
-0.75
1.54
-0.51
-2.0
4.55
4.15
0.15
6.21
-2.32
-0.93
-2.78
1.57
1.23
2.42
-1.11
-0.37
5.3
1.91
1.15
0.73
-1.19
0.99
-1.71
-0.54
-0.68
4.54
2.24
-0.23
6.66
5.06
4.87
-0.44
-2.82
4.42
0.12
0.28
4.39
-6.2
-6.3
1.72
6.74
0.94
1.43
2.16
1.01
-3.09
0.87
-5.01
-0.51
-2.62
-2.97
-1.68
-0.08
0.19
-1.24
-0.68
-0.22
-5.89
6.4
-5.43
-0.32
-0.21
-0.29
3.03
-4.7
-0.31
-0.82
-1.38
0.23
-5.08
2.79
-1.02
-5.9
-3.25
6.12
-5.47
0.81
-4.75
-6.23
1.85
4.27
-1.48
-1.31
1.87
5.62
6.14
-1.34
-5.59
1.37
0.89
-1.2
-4.49
-1.53
-0.43
0.38
0.43
-0.89
2.91
-1.12
-0.5
-6.31
9.11
-2.07
5.82
-0.18
-6.27
-0.91
-6.21
-6.24
-2.55
1.37
-0.69
-5.82
-7.0
1.86
-0.71
-1.05
-0.29
-1.51
1.86
1.81
-1.32
0.15
2.97
-5.45
-0.31
2.35
-1.2
0.53
0.5
-1.95
0.44
4.29
0.71
1.8
1.49
-2.62
-2.74
0.73
0.16
-4.49
-0.48
1.77
-0.73
2.24
0.64
0.48
0.68
3.65
4.67
2.86
-5.03
-0.15
6.24
-5.35
3.12
5.95
1.15
7.54
0.16
0.85
7.23
-0.35
-0.78
0.66
6.13
4.38
-5.98
2.59
-6.33
-4.07
0.21
-0.92
2.61
6.07
-0.13
-1.56
-4.78
2.03
0.91
-0.14
-4.5
-0.46
-1.86
-2.67
-3.29
2.11
-0.79
0.01
-1.39
-0.81
-0.14
5.65
-5.47
5.11
2.91
0.25
3.88
2.11
0.32
-0.09
0.41
4.69
0.51
-1.11
-2.76
0.66
-1.03
-0.51
-4.8
0.01
0.53
6.46
3.65
-6.32
-2.76
0.65
-0.83
4.58
-6.76
3.45
-2.3
-0.31
2.5
6.97
-1.87
-5.88
-4.7
-5.96
0.39
-6.09
0.21
-0.37
0.92
-2.69
4.07
-3.8
1.28
1.04
0.43
-0.36
0.37
-0.91
-1.19
-2.82
-4.86
0.59
-5.43
0.46
-1.62
-0.11
-0.01
5.43
-0.83
-6.04
1.17
2.2
0.41
0.25
3.09
0.36
1.37
-1.58
0.93
1.06
-2.69
-0.63
-2.21
-0.74
1.75
-5.84
0.53
2.96
1.37
4.26
4.17
-7.6
-6.07
0.93
-1.53
-2.28
-3.24
-5.95
-0.19
-0.12
-0.26
-0.82
-5.14
-5.49
-5.4
-0.63
0.09
6.48
-1.76
-1.2
-1.66
-3.31
-1.82
6.41
5.65
-1.68
6.5
2.61
2.75
-3.48
-0.59
0.08
2.83
0.95
-0.52
-0.82
-1.8
4.11
-1.45
-6.33
4.32
2.25
1.74
-0.1
-4.06
2.66
-0.14
0.95
-5.36
-0.39
-1.42
0.59
3.08
3.35
2.59
4.92
0.31
2.55
-1.06
-0.13
0.81
7.04
-0.23
2.16
4.55
1.06
-4.14
-6.03
-5.83
-1.23
4.44
-0.24
1.35
-6.77
-5.44
1.81
1.2
3.07
-6.34
-5.06
1.99
-0.62
2.34
2.14
-6.36
-5.87
-6.13
6.71
0.42
2.69
1.86
0.71
0.29
-0.95
0.14
0.7
0.68
-0.26
-5.73
-4.9
-1.43
-2.33
0.96
3.17
0.75
5.2
-6.55
-0.86
-6.44
3.3
2.1
4.78
0.47
1.1
3.64
0.42
-6.35
1.58
5.6
8.38
6.38
-0.6
0.06
2.83
0.56
-1.67
3.74
5.8
5.92
-6.54
0.13
2.8
4.05
-0.66
3.49
-0.1
8.45
-1.14
-0.45
0.66
1.45
-0.32
-7.03
0.56
-0.73
-1.73
1.25
6.12
-2.57
-3.4
1.16
-4.92
-5.71
3.34
-1.55
-0.27
1.32
4.54
-0.11
-0.13
5.27
-6.0
-3.76
-0.23
5.06
-2.58
-4.76
-5.03
1.44
2.33
-0.33
-6.7
-0.3
3.45
-2.37
0.71
7.02
5.91
-1.01
-5.5
-4.36
1.15
1.57
0.18
-0.78
-1.69
-6.19
-0.54
2.66
0.75
5.56
-6.36
0.29
0.95
-3.84
-6.97
0.37
0.88
-0.48
-5.31
2.54
-5.91
3.08
-0.62
-1.01
6.84
-1.05
3.28
4.56
1.64
6.02
-0.19
1.13
-1.7
-0.43
1.64
-5.67
-5.69
-0.34
-1.19
-5.84
-0.37
1.37
0.29
-0.22
8.45
-0.5
5.21
2.7
-0.82
0.74
-0.03
-0.73
-5.93
-5.73
-0.78
1.17
7.03
4.76
-5.4
0.26
0.82
-3.51
-5.22
0.92
2.16
-0.98
-5.89
-6.36
3.21
-0.34
0.58
1.37
-6.69
-5.36
1.13
1.06
-0.23
-0.37
2.39
0.47
-2.94
-3.28
-1.23
-0.8
0.18
-5.01
-0.57
0.85
0.93
-2.17
1.01
-0.11
3.38
0.17
3.59
-0.43
-4.76
1.87
1.17
-3.06
2.71
5.5
0.09
-5.38
0.04
-0.58
-6.93
-2.73
3.46
-2.16
-5.01
1.21
4.34
-0.43
3.18
-1.94
-0.63
-0.77
1.1
-5.88
1.82
1.51
5.52
1.29
1.12
-5.5
-1.09
0.72
-1.09
1.58
-4.13
-2.71
1.38
-0.1
3.78
-4.9
-1.12
6.52
-1.59
-1.63
-6.25
0.27
-6.78
-0.33
-1.12
4.54
-0.86
2.27
-4.92
-5.62
-5.48
-5.04
4.84
-4.39
6.31
-1.04
-1.13
-0.48
-2.01
-4.94
-5.47
-5.97
1.17
-0.75
-2.04
-0.01
-0.67
-1.53
0.6
-1.26
-1.7
-0.65
0.8
0.56
-4.97
2.32
0.85
3.17
-4.71
-0.61
1.72
-6.01
5.58
3.3
-1.83
5.97
-4.97
0.58
-6.04
0.23
0.17
-2.44
0.37
1.19
0.57
-1.37
-1.77
5.73
0.05
-0.59
-6.73
1.94
-5.22
-5.29
-2.3
-6.38
-1.12
5.45
7.07
3.8
3.75
-0.25
0.09
4.82
2.55
-5.96
-1.71
1.67
4.22
-0.18
-5.29
2.0
2.33
-0.99
-0.77
-1.21
1.03
2.69
0.69
-6.43
1.69
6.31
1.27
-4.76
3.09
1.21
-0.14
0.97
1.55
-1.12
5.14
0.18
0.0
0.04
4.65
0.49
5.37
0.11
4.77
-5.87
7.15
-0.22
3.03
-4.19
-5.11
2.75
2.31
-2.13
6.59
4.29
-1.12
2.77
3.75
1.37
1.33
3.35
1.0
1.08
0.11
4.38
0.92
-0.39
1.12
2.68
2.01
-5.23
1.77
-5.52
-1.07
-6.61
-5.25
-5.31
0.57
-0.67
0.72
1.87
-0.15
-2.14
5.94
-5.19
-1.16
-4.79
-6.43
-6.57
-5.93
-0.49
1.35
-6.16
3.55
1.17
-0.62
3.99
6.24
-0.4
-5.63
6.22
-1.31
-6.31
-6.05
4.55
-2.33
-1.54
0.0
-4.33
-1.91
0.81
0.87
3.05
-6.05
-0.92
2.53
0.68
0.21
1.06
1.03
3.95
6.03
4.43
0.89
-4.32
-5.83
2.89
2.0
-0.3
-0.93
0.32
-0.76
1.37
-1.55
5.74
0.07
-0.61
-6.36
0.2
1.87
2.48
-5.42
-2.04
-6.66
5.31
-2.05
3.98
-1.48
2.2
-5.58
0.01
0.67
6.22
0.61
6.23
5.88
5.95
0.62
2.5
0.25
-6.33
-0.82
-2.39
3.03
0.5
7.42
2.58
0.38
3.69
-1.99
1.67
-4.63
3.95
-0.2
3.34
-0.56
-5.78
1.55
0.71
0.93
-0.97
-5.89
3.68
-1.18
-0.35
0.64
1.78
1.56
-4.28
-4.33
2.63
3.24
1.9
0.75
-6.37
-5.4
-1.91
0.22
0.29
3.85
0.07
3.08
-0.18
2.82
-4.72
-0.43
-3.24
-1.07
0.63
-5.91
0.75
-0.24
4.13
-0.19
-0.74
2.07
0.42
-1.34
-1.5
0.3
1.98
2.95
2.74
-0.19
-0.68
0.19
0.63
2.51
4.08
5.63
3.43
-0.11
-2.63
-0.66
0.46
2.86
-0.74
-5.94
-0.01
-1.8
0.21
-0.74
-1.44
2.6
0.93
0.12
2.23
3.0
5.1
1.06
-6.45
5.78
-1.2
1.74
-1.63
-6.29
-0.98
-2.63
-4.09
5.15
-6.46
2.62
0.47
1.7
1.89
-6.89
1.17
0.44
-0.66
4.08
6.58
1.63
-1.09
-2.81
-1.61
1.53
5.28
-0.16
2.69
4.36
0.73
-0.55
4.9
-6.1
0.16
-0.56
1.89
2.67
-0.06
7.48
-0.14
3.06
5.56
-6.21
0.68
2.16
1.21
0.1
0.94
0.37
0.57
3.35
4.24
0.23
-4.13
-6.29
-0.14
4.86
-5.31
7.17
1.91
-5.72
3.76
3.6
1.42
-2.41
-0.35
1.37
-7.05
0.85
2.54
-4.49
0.32
1.83
-2.87
5.82
-1.31
0.51
-5.94
-0.18
-0.59
-6.71
-0.41
1.49
6.91
1.28
-2.96
1.33
-2.28
1.31
-0.76
5.6
2.65
-1.07
-5.92
6.15
-2.76
0.05
-0.7
-0.14
5.6
-5.7
-1.1
5.56
0.18
0.82
-0.78
-3.22
-3.91
4.39
3.65
0.05
0.48
0.11
1.59
-5.01
-2.56
-1.46
-0.87
-1.87
0.48
4.42
-5.5
-1.1
-1.95
-0.94
-5.87
3.31
0.17
-1.42
2.32
4.97
-6.27
0.88
-6.5
-5.87
-1.59
0.9
-0.15
0.67
1.68
-0.27
-6.13
1.96
5.79
1.87
-6.05
0.79
6.38
-2.98
5.25
1.91
0.28
-0.78
4.11
1.06
-0.82
0.54
7.49
7.05
0.85
3.58
-0.31
0.51
0.79
1.77
-4.56
6.14
0.28
1.72
-4.42
-6.16
-0.14
2.55
-0.06
-4.61
1.97
6.9
-2.25
2.71
-5.08
-0.23
1.96
1.7
-6.2
5.27
3.62
-0.73
1.57
-2.82
6.12
0.02
5.88
2.89
-2.13
5.33
-6.51
3.37
0.46
2.12
0.82
8.01
-0.88
2.82
1.11
4.04
-0.14
-0.65
-3.19
-0.66
-0.75
-1.75
4.05
-4.75
0.26
1.29
-2.46
0.29
0.33
-0.24
1.04
-0.49
0.25
-7.04
8.81
2.16
1.8
-4.6
0.93
1.62
-2.28
7.43
-0.35
-2.7
1.16
1.96
2.45
0.06
-3.49
5.88
1.72
-0.58
-2.07
-4.72
3.94
7.44
8.28
-0.38
-1.07
0.04
-5.58
2.86
-1.0
-6.47
-4.17
1.62
-0.08
0.82
-0.39
-0.79
4.39
2.63
3.11
-5.48
-5.54
1.9
5.7
4.62
5.41
5.56
5.76
3.04
1.07
-0.92
0.28
6.05
1.86
0.62
0.25
-1.87
2.56
6.74
0.48
2.95
0.3
0.27
-6.93
-1.83
1.25
-0.57
-5.73
-1.17
1.58
0.88
2.18
-5.39
-7.54
0.9
1.12
0.11
1.99
-0.31
3.59
-0.24
4.9
-5.55
0.53
-0.47
0.24
1.74
0.24
0.25
-1.34
-1.08
4.02
0.79
-6.26
2.64
3.78
-0.58
-5.55
-0.17
1.94
3.07
-4.8
-0.06
6.25
0.01
3.65
-2.22
1.03
-0.68
-1.56
-3.07
-2.74
0.54
3.13
0.21
0.62
-0.06
-5.09
1.1
2.17
-0.17
2.4
1.02
-0.55
0.97
1.54
-6.47
-0.46
0.91
-1.15
0.68
-0.57
0.61
1.56
-4.03
0.04
-6.17
-4.96
1.3
-6.36
0.04
1.3
4.82
-6.0
-5.07
-3.01
1.23
-2.03
-1.13
-0.36
3.56
0.57
3.74
3.6
-1.17
1.6
-2.28
5.45
-1.99
2.57
-4.96
-1.31
-3.23
2.07
5.15
0.54
-0.6
-2.22
0.35
-5.95
-5.72
0.3
-1.3
5.91
-1.91
2.0
1.03
1.47
1.63
3.72
-0.95
-0.16
3.59
2.76
5.01
-5.83
1.06
0.86
0.26
0.34
-1.28
-4.22
-0.7
1.16
4.15
-3.49
0.42
2.28
-5.05
1.39
4.75
-4.37
5.09
5.3
1.39
1.13
-6.05
1.5
-5.53
-1.1
-5.89
0.84
-4.28
-5.7
6.25
-5.4
-4.0
-1.83
-6.42
2.55
-0.46
-0.03
0.48
-1.19
4.3
4.42
3.64
-0.83
-0.5
3.69
-5.83
0.41
0.88
3.14
-5.33
-2.24
4.92
5.78
0.1
3.51
4.78
0.66
1.2
4.83
5.68
0.7
-0.19
3.04
-0.51
2.77
1.66
-6.82
-1.54
0.08
2.85
4.36
1.37
0.51
1.06
-0.04
1.93
-1.13
-5.81
2.62
-5.08
1.92
4.52
0.16
-0.3
-1.23
-5.58
-0.25
-0.01
-0.45
-6.18
-0.14
-6.34
2.37
0.63
-5.23
4.16
-1.77
0.64
-6.26
-0.08
-0.21
5.99
0.7
-6.12
2.08
2.17
0.32
0.42
-0.31
3.21
1.24
0.01
2.01
-2.16
6.0
-1.15
1.5
0.96
0.66
-5.8
1.82
0.51
2.13
-0.74
1.84
6.18
1.79
5.02
7.13
6.45
-6.12
1.23
-5.01
-0.48
-3.96
1.24
4.85
0.68
-6.85
1.39
-0.33
-0.85
2.26
0.11
-1.86
0.4
0.03
-0.82
-0.73
-5.89
1.34
1.82
0.13
-5.93
5.82
0.92
1.16
-2.33
-1.43
0.25
1.03
2.12
-5.36
5.52
-0.89
2.55
1.46
-3.22
1.22
-0.04
-3.66
-6.04
1.26
0.6
3.02
0.94
-6.18
3.89
-1.14
8.45
0.12
4.76
0.11
0.77
-5.78
-1.53
-1.91
5.57
0.06
-2.4
0.94
5.4
-4.73
2.42
-1.28
-1.23
0.99
0.12
-2.11
-1.07
0.27
0.9
2.22
-0.44
-0.76
7.37
-1.47
3.41
-6.03
4.21
0.65
-4.53
-0.87
-6.53
1.8
-0.78
1.45
0.48
-0.11
0.97
1.97
-1.83
1.32
1.41
-0.23
1.21
1.17
0.09
-2.22
0.48
-2.01
-6.2
1.36
5.46
9.0
4.88
-1.37
-0.73
0.62
0.8
0.54
-0.36
-0.7
1.55
6.03
2.9
-0.16
-6.17
0.48
-5.74
-1.25
-0.69
1.33
2.93
4.61
-0.14
5.59
2.47
-1.11
4.49
-1.27
1.42
-5.94
4.4
5.95
1.52
6.38
0.09
3.74
-6.2
0.08
0.61
1.37
2.4
-3.84
-3.02
-0.02
1.7
-5.82
5.28
-1.08
-2.4
0.49
0.5
4.87
-1.59
1.39
-1.7
-0.54
8.0
1.04
-6.41
-6.04
1.59
3.48
-2.01
-2.35
-4.25
0.26
-0.79
2.65
4.52
1.39
-0.7
-0.25
-3.5
0.91
-5.94
-0.65
-0.14
-1.04
1.6
-2.93
-4.31
-6.52
3.95
2.76
2.17
6.23
2.13
-1.76
-4.61
2.38
4.87
3.11
0.27
-3.02
0.12
3.9
-0.11
3.53
-5.2
-0.89
5.42
1.76
5.25
-0.94
7.6
5.56
5.97
0.47
-1.13
2.68
0.14
1.12
-4.44
5.63
-1.48
0.19
3.96
-0.12
-1.18
4.25
-1.27
-2.42
0.19
4.23
-0.11
-5.71
-0.13
-5.96
-2.16
1.18
5.89
-6.06
-0.64
-0.62
-2.57
2.08
5.26
1.08
-6.91
-6.23
-6.67
-6.76
2.6
7.34
-2.87
-2.98
1.03
0.81
-5.52
4.69
-6.07
2.49
-1.42
1.64
0.88
-4.52
-2.14
-0.39
4.26
6.01
-6.19
0.03
4.1
-0.21
-2.88
-5.19
5.71
-5.33
-3.09
0.39
6.52
-5.68
2.7
-0.27
2.39
-5.8
1.98
-5.17
-1.44
0.98
2.51
-6.26
1.62
3.5
-4.33
4.71
-0.8
-1.76
1.57
-0.57
0.89
1.01
-1.24
5.06
4.84
0.47
6.34
-6.47
4.45
-5.82
-4.92
-0.7
2.02
2.0
-0.11
-5.2
-4.54
-0.66
1.29
-2.98
-6.54
-3.52
4.73
1.41
2.34
1.52
-0.43
4.04
6.42
-3.54
0.57
-0.63
3.95
1.1
1.51
2.75
4.75
1.88
-6.48
-5.83
-0.72
0.9
1.17
-1.87
4.0
6.75
-2.57
-5.7
1.21
0.34
0.07
-2.18
-5.98
5.87
-1.64
-5.31
6.82
0.79
1.95
0.3
2.26
0.75
-6.68
-1.01
-1.13
-2.49
-0.03
3.19
0.84
0.56
3.47
3.89
-4.66
-0.7
0.85
-5.69
0.93
2.82
-4.1
1.26
-0.76
2.99
-6.26
0.43
1.84
-0.6
5.21
-5.87
-5.22
-1.29
-5.29
5.12
1.84
1.21
0.79
-1.01
-6.24
-3.09
-4.7
-0.62
1.28
-1.66
1.94
1.99
-0.84
1.43
-4.06
3.69
3.71
-1.29
0.61
-5.88
-0.56
5.78
0.93
1.56
0.28
-3.19
-1.69
3.71
1.45
-0.31
2.42
0.26
2.98
-4.19
-1.68
1.22
-0.44
-0.43
5.59
4.42
1.29
0.18
2.63
7.6
2.76
6.85
-1.32
-0.65
3.92
-2.97
-0.8
-6.2
-1.24
-1.21
0.67
-4.39
-3.98
1.33
-0.1
3.63
-0.38
-1.2
1.47
4.93
3.1
0.2
-0.28
-6.63
-2.13
5.01
-2.38
-0.37
-0.67
-0.72
0.96
0.47
-1.91
-1.26
0.32
-2.27
-0.39
-5.29
0.08
-6.74
-1.08
5.24
-3.14
-5.74
0.02
-5.43
5.21
-5.39
-3.49
0.65
2.47
0.54
-0.63
-1.07
-5.1
-0.53
-2.96
-5.55
-1.31
-1.51
1.21
1.57
0.1
5.67
6.05
-2.73
2.01
-0.66
-0.93
-1.21
0.3
1.23
3.35
-6.31
-0.5
-5.14
6.47
0.76
-1.49
2.45
4.55
0.88
0.35
0.27
0.84
0.42
-0.65
-6.26
0.16
-0.9
1.77
0.88
2.95
1.09
1.35
3.38
0.08
4.21
-5.94
7.48
4.95
0.8
6.05
1.04
2.58
0.69
0.05
-6.2
0.53
1.35
-1.52
0.49
0.72
0.54
-0.22
-3.63
0.97
-1.38
1.31
0.33
-6.24
-5.52
-1.17
1.58
1.74
-5.52
-1.76
2.55
-0.62
-0.6
-5.2
0.69
0.91
1.23
5.64
0.27
-5.22
7.85
-5.44
-6.81
0.82
1.04
5.51
-2.06
-0.15
2.26
-5.13
1.44
1.63
0.02
0.04
1.58
-1.51
2.07
-4.31
0.39
-0.77
-1.79
-6.33
1.25
-3.04
-5.39
-6.3
-7.13
1.2
-0.93
3.56
5.93
3.48
1.08
-0.95
-4.94
-0.4
0.37
-1.48
2.47
1.18
-2.48
-5.79
-0.29
-0.5
-3.38
-0.58
-6.31
0.41
1.92
0.77
-1.59
1.53
4.26
3.94
0.5
-5.08
-5.13
2.09
3.1
-0.76
0.96
0.11
-1.32
1.04
1.79
-5.56
4.59
-1.26
3.94
0.11
-0.91
0.1
-1.61
-4.4
-2.16
8.41
-6.77
5.98
3.95
-4.56
4.76
3.74
0.89
0.69
-0.48
0.98
-2.12
2.72
0.86
-0.32
-2.45
2.43
1.55
3.05
0.94
-5.04
-0.83
-0.31
-0.75
-0.88
-6.27
1.47
0.5
-2.17
1.95
5.09
1.61
1.79
0.31
-0.79
-4.04
-4.23
1.36
-1.61
2.05
2.3
-2.11
-1.04
0.43
0.38
-0.12
-1.74
1.6
-0.12
6.91
6.79
0.56
-1.77
-3.44
-2.81
-4.53
-1.58
-1.72
1.79
0.62
-5.69
-1.43
-5.56
-1.88
3.7
-1.88
-5.98
-2.93
7.36
-5.52
-0.84
-0.38
-6.41
0.35
-1.33
1.07
0.84
2.14
0.85
-2.44
-5.59
-2.79
0.65
0.06
0.45
0.19
0.27
4.66
2.09
-5.96
2.11
-5.81
0.16
-3.86
-5.29
-5.85
-0.35
-0.67
0.37
-0.05
-6.66
1.05
0.62
-1.46
-4.78
-6.56
1.8
-6.2
1.01
0.11
0.47
-5.19
-0.9
0.04
0.55
4.22
-2.44
1.41
1.64
-0.94
3.23
1.55
6.04
2.37
-5.17
-0.22
-4.63
-1.31
-6.48
3.55
-0.78
-0.67
-1.17
-5.48
1.66
4.97
-5.86
-1.06
5.92
-1.22
0.38
-0.83
-0.91
2.45
-0.24
-0.22
4.31
-5.82
-1.9
1.16
1.34
4.13
1.05
-0.28
-6.26
2.54
-5.35
0.43
2.78
-1.28
-2.41
-0.84
4.35
-1.35
2.43
6.37
-0.12
2.5
-5.92
0.08
-3.68
1.7
-4.85
-4.54
-5.8
4.17
5.33
0.44
4.71
-0.37
1.52
0.99
-5.23
-1.84
-1.36
2.3
3.75
-6.36
-0.86
-0.45
-0.53
-1.89
0.06
1.43
0.06
-0.84
-0.71
0.23
-0.71
0.11
-1.12
-0.31
-0.57
5.57
5.56
5.55
-4.25
-5.71
0.13
-0.9
-5.39
-1.89
4.07
0.93
4.45
-5.61
-1.6
3.0
2.99
-0.96
-0.29
-1.87
2.51
-2.37
5.61
-0.88
7.34
1.66
0.31
1.42
-5.44
-1.05
1.46
-0.02
-5.19
0.63
-0.46
-0.81
4.72
5.27
2.28
1.43
-0.28
1.64
0.5
1.05
-4.96
-6.06
-0.42
-0.4
-0.75
-6.26
-0.22
-1.59
-2.09
0.73
-1.61
-2.89
4.67
0.83
2.46
0.31
-6.16
-6.26
-2.69
-6.15
-1.3
0.88
0.55
-0.22
0.57
-3.64
-2.13
1.42
-0.37
0.39
-0.83
1.95
0.61
-1.24
-5.29
-1.29
-1.0
5.46
2.25
-6.76
-0.44
4.89
2.43
6.19
-1.23
0.46
-1.2
1.41
-5.43
-0.99
0.35
2.59
2.59
0.73
-1.84
1.55
-1.7
-6.09
7.78
1.37
0.35
0.14
4.79
1.27
-2.65
0.8
-5.82
-0.75
0.37
-5.84
-2.12
1.27
5.15
-5.54
-5.13
-3.81
0.34
0.02
-6.43
1.87
0.28
0.42
-1.97
1.93
-0.23
2.99
-1.06
-5.22
3.38
0.4
-0.67
-4.56
-0.22
-5.23
0.53
-5.78
2.86
4.21
-5.68
-5.71
2.97
0.76
-0.36
5.72
0.86
-6.38
0.55
0.5
3.94
0.44
-6.87
-5.86
1.04
0.49
3.86
-5.45
0.32
-0.78
-1.48
2.66
4.23
2.58
0.52
6.37
-0.32
4.26
-0.97
0.12
-4.86
3.77
-3.99
1.57
0.97
0.45
-4.99
-2.4
-1.57
-0.77
0.46
3.22
-0.87
4.85
-3.84
4.21
-6.56
4.56
-0.82
6.69
4.92
3.83
0.74
-0.52
-1.14
0.13
2.19
-1.1
1.24
1.28
1.48
5.4
5.86
-2.05
0.64
0.12
3.1
-0.07
-1.48
0.77
5.82
3.44
-1.2
0.92
-4.79
-0.49
7.61
1.69
-5.95
-0.84
0.93
-1.49
-5.23
-2.96
1.47
0.63
-2.25
1.95
6.12
-0.78
1.58
0.09
0.06
6.54
4.65
0.82
0.25
-7.31
-4.96
-4.88
2.12
5.13
2.14
2.82
-5.84
0.04
5.84
2.54
-4.19
-0.22
3.04
1.45
-1.22
3.09
-1.91
-2.29
-1.39
4.26
-2.63
-0.28
-0.07
-0.97
0.7
-0.04
-6.0
-6.84
-0.65
-5.32
-5.39
4.53
-5.72
1.24
-0.78
-1.59
0.63
-3.54
-1.56
-1.08
2.69
1.17
0.06
1.91
-0.22
-6.22
-5.52
-6.63
1.32
-0.74
1.9
0.18
0.56
1.05
-5.29
3.8
4.45
5.64
-0.18
7.75
-6.29
3.11
2.48
-2.05
-4.25
0.59
0.48
2.37
-5.53
-1.24
4.88
-0.6
-6.11
0.96
-0.92
2.13
1.28
5.36
-5.25
7.0
1.21
-1.97
-1.63
-3.56
-1.17
1.18
-1.66
-2.13
3.48
-0.49
-6.94
-6.49
1.96
3.3
0.55
1.03
1.25
-0.21
1.67
3.43
-1.73
1.12
0.48
1.68
-1.35
1.63
1.45
3.57
0.71
5.89
-1.78
4.55
-0.2
-4.23
-1.0
-0.45
1.38
1.93
-0.13
-1.9
-1.57
1.24
1.74
0.92
-0.43
-1.42
-0.09
3.2
-6.03
-5.35
-5.11
0.52
1.86
-0.97
-0.86
-4.92
-2.6
2.38
-0.82
-0.6
-0.74
1.02
-5.42
4.26
2.68
-2.89
4.47
-0.15
-1.4
-0.39
-0.08
-0.66
0.77
0.06
6.83
0.21
-5.79
-0.18
-5.83
2.61
0.38
3.58
4.81
0.06
1.92
-1.87
-2.38
3.72
-0.74
0.82
0.14
-2.56
-3.74
-1.57
6.22
3.51
0.59
1.32
-5.16
-4.94
-0.55
-0.54
0.18
-6.77
-6.4
-1.37
2.17
-1.38
-5.61
-5.33
3.7
5.05
5.99
0.5
-5.09
4.38
-6.19
-5.6
-0.11
-4.82
-5.25
0.09
4.05
-6.11
2.06
-5.16
-6.52
-3.26
0.76
-5.68
1.3
2.35
0.45
-1.37
-1.26
-2.07
1.64
-4.04
0.35
-2.21
2.62
-0.95
2.5
4.46
5.59
1.9
0.66
-0.15
7.03
6.01
-0.2
-7.09
0.44
-1.82
2.31
-0.23
-5.23
0.14
-0.85
1.59
-0.74
0.22
-0.22
0.25
-5.75
1.09
2.38
-0.16
-1.27
-0.31
-0.43
1.09
-0.32
-5.11
-4.31
-5.01
-1.12
7.2
1.87
-1.38
-5.08
-2.49
-2.39
-0.62
-6.24
-5.36
-0.78
-0.92
0.23
-0.52
-0.83
0.69
-0.03
-0.11
0.75
-1.12
0.22
2.28
-1.46
-6.35
0.35
-1.45
0.54
0.02
1.81
-1.32
0.99
0.08
-5.97
-5.11
-5.26
-0.8
0.11
-0.79
-1.53
-1.03
2.21
-3.22
4.27
0.98
5.7
6.49
-1.03
-4.17
-0.24
3.51
0.5
1.38
5.64
-0.39
-5.95
-4.96
2.29
-2.91
-2.54
-0.46
1.27
-6.22
-1.4
-0.39
-1.5
1.77
0.67
0.11
2.0
1.28
4.84
-6.36
-0.75
0.13
-4.05
7.01
6.66
0.16
-1.78
0.12
-0.82
-4.36
3.05
7.95
0.45
-3.13
-0.04
-6.47
-1.13
4.47
-1.09
4.87
0.12
0.24
4.72
-7.22
1.11
-0.33
3.38
-0.09
-0.5
5.37
0.24
-6.32
-3.24
5.15
-2.7
-0.12
0.59
0.15
2.52
1.33
-0.78
-5.48
-0.17
-0.1
-2.04
-5.35
-2.0
-5.33
-0.66
6.09
0.4
4.09
-1.46
2.46
-4.58
4.0
6.79
5.12
3.53
-0.1
-6.47
5.45
2.65
4.53
-2.33
0.68
-1.78
6.44
4.04
-7.01
1.98
0.25
0.98
-1.79
-1.02
-7.05
1.28
0.72
3.76
5.43
-0.11
-1.38
-5.01
0.3
3.64
0.32
-1.15
-5.22
-1.08
0.84
-2.22
-6.13
1.13
4.08
-6.08
-1.81
2.06
-0.11
2.68
0.38
-6.61
6.97
4.55
0.41
3.43
5.09
2.9
-0.05
-0.86
0.06
2.88
-2.33
-0.41
2.59
1.32
-1.16
1.08
-6.13
0.39
-1.68
-6.03
-5.92
0.41
-0.03
3.71
2.65
-1.46
7.29
-5.95
0.37
5.29
4.69
3.1
-2.26
-1.18
-5.48
0.19
-5.93
-6.62
-0.59
-0.45
-5.99
-5.54
-6.66
0.41
-5.66
-1.39
-1.38
1.9
3.72
-5.84
-0.46
-2.06
5.11
3.13
1.16
-6.45
-0.04
0.61
-2.35
4.44
5.79
1.52
1.79
-1.28
-1.23
5.4
-3.39
0.51
-1.2
-5.16
-1.48
3.86
0.18
-2.22
0.33
8.18
2.73
-1.2
5.33
0.13
0.33
-0.36
0.47
-3.96
0.98
-6.76
1.95
-5.73
-0.11
-1.9
1.84
-0.09
1.07
2.75
-1.42
-1.32
-6.31
-6.54
6.5
1.55
-5.83
-2.27
-1.09
0.8
-1.31
2.75
2.21
-1.4
4.63
-5.75
0.84
-2.7
0.99
2.5
7.09
-4.08
0.69
0.9
-0.89
-0.97
-2.56
5.26
-1.19
4.69
-0.4
6.13
-6.1
-5.78
-1.59
-6.16
-3.09
-1.39
-0.96
5.28
3.42
-6.23
-0.11
-5.4
3.11
-2.46
-2.94
-6.17
-4.59
-0.72
-5.38
0.63
8.85
5.0
-2.6
-6.47
-5.31
1.28
0.57
-0.54
-0.48
0.28
0.61
3.46
-0.82
-1.82
2.94
-7.08
-1.48
1.8
-0.0
0.82
3.02
-0.26
0.15
-2.17
4.25
4.71
-6.22
-5.86
-5.91
0.43
3.83
4.32
-6.33
0.13
-1.53
0.04
-4.94
-0.51
-5.04
-6.95
0.57
4.07
5.44
-6.8
-5.55
-0.97
5.55
-5.29
-0.65
-6.38
0.56
2.94
2.86
-4.94
0.49
1.48
1.21
-2.45
-0.36
0.24
1.39
0.56
-1.3
2.38
-0.38
-0.8
3.25
1.59
-0.92
2.24
-6.1
1.13
6.08
6.72
2.79
-0.63
-4.33
-5.76
-0.43
-5.71
-5.78
-1.49
4.83
-0.33
-2.01
0.01
-0.67
0.13
0.06
-0.13
0.99
-6.08
-0.63
-6.04
-0.3
4.77
-5.66
0.35
0.34
3.53
3.41
-5.44
0.87
-0.58
-2.34
1.86
-2.53
0.74
0.97
6.15
4.4
-1.11
-2.46
-3.51
1.16
2.09
-6.66
-1.47
2.25
5.43
0.11
6.62
1.48
1.24
0.76
-2.29
-3.95
-5.8
-1.7
3.62
-0.91
3.47
0.77
-2.8
3.86
-4.69
-1.57
-1.76
1.7
0.29
0.27
-0.91
4.29
0.56
1.52
5.94
-2.66
1.29
2.94
0.34
-6.68
0.19
2.33
1.21
-1.77
0.16
1.99
-0.22
-1.65
1.82
2.62
4.16
-0.58
-1.27
-1.77
0.36
-2.12
-0.39
0.35
-0.5
-0.34
0.41
-1.69
-6.3
0.19
0.59
1.73
-5.28
3.46
0.38
-0.33
2.92
0.3
-0.33
-0.49
-0.7
-6.02
0.01
-0.97
-1.75
2.09
0.9
3.3
6.25
4.95
5.93
0.2
-1.95
-4.14
0.05
1.53
-0.28
2.02
-0.92
0.09
0.68
0.74
-0.14
-1.39
-0.4
-0.04
-0.61
-1.46
-5.22
1.82
-1.53
3.27
-5.8
3.57
4.73
-2.18
-6.64
-1.01
1.22
0.83
-6.26
1.72
-0.98
0.7
-5.13
-1.98
-0.42
-2.41
0.86
-0.12
-2.98
-5.19
-0.91
-1.52
-6.72
-0.16
0.1
-6.23
0.67
-2.11
3.01
-2.0
-1.37
-2.45
-5.95
-2.16
0.06
-0.42
-1.85
-3.86
-0.11
-2.27
1.56
1.68
-4.94
-0.42
-0.68
1.96
0.46
-5.19
3.85
5.55
1.89
0.04
2.79
1.26
-2.1
3.26
6.73
3.16
5.58
4.98
0.54
-6.42
-2.45
0.69
-0.14
-5.5
-5.76
-6.36
-6.09
-6.82
-0.51
1.59
-5.86
-0.96
-0.24
1.12
0.13
-0.17
-6.11
-5.72
-1.37
0.67
4.88
-0.52
3.4
1.01
-0.8
-0.59
0.18
-0.1
-1.7
-1.53
-6.56
1.19
-0.55
-5.16
-1.94
-2.61
1.23
1.46
2.11
3.82
-4.49
5.13
-0.01
4.84
-0.47
-5.4
-5.78
1.27
-5.53
-5.43
-5.22
0.02
0.92
-7.05
2.85
0.29
-0.35
1.99
0.4
1.56
-3.92
1.01
-1.46
4.57
-6.33
2.09
-5.83
0.65
-5.82
-5.14
2.34
2.14
-5.8
-0.78
-1.87
-1.25
-0.29
2.8
-1.58
-1.09
2.56
-1.38
0.57
-5.59
-5.35
-2.12
0.18
4.61
5.67
1.11
-6.49
-5.13
5.47
1.39
-0.55
2.37
1.01
1.0
4.5
4.39
-0.04
-5.91
-0.89
-6.29
3.9
-1.87
0.63
0.04
0.92
5.45
1.01
-0.56
5.82
0.52
7.39
-1.15
1.32
-1.73
2.77
-4.61
-7.26
2.63
-0.54
-5.66
2.76
2.88
2.32
0.37
6.16
-5.29
0.3
-1.2
-5.67
-0.22
2.87
-3.84
-1.52
-0.14
1.66
-5.75
1.67
-0.3
4.38
-5.56
-5.76
-1.07
-0.31
-4.19
-4.31
5.6
-0.11
-0.48
-0.88
1.62
7.05
-0.39
0.54
1.54
-5.79
2.71
-5.98
-0.17
2.97
0.12
-5.35
0.56
-0.1
-0.35
-5.97
-1.59
0.37
7.41
5.15
0.61
0.98
5.36
-4.94
-1.5
-0.64
4.08
-0.34
-4.84
3.33
0.25
2.27
1.65
-0.45
1.37
2.7
1.92
-0.98
2.83
1.85
-0.11
4.82
0.41
1.67
2.58
1.28
-6.05
0.03
0.26
4.72
0.46
0.59
0.6
-0.1
-2.38
-5.43
-6.17
-1.49
-6.17
1.04
-4.99
-1.97
5.16
2.19
-0.96
4.19
1.46
0.41
-0.9
-0.75
1.16
-5.16
1.42
-6.38
-5.79
0.55
-1.31
1.16
1.41
0.96
-1.01
4.48
0.23
1.51
-0.06
-1.52
0.11
0.16
0.87
3.56
1.59
0.4
-1.26
6.29
-0.22
6.56
4.17
0.18
1.71
1.67
-3.78
-2.88
2.19
5.24
1.86
1.44
5.2
0.63
-5.77
4.39
0.72
2.3
7.3
3.18
-7.49
0.02
1.24
-0.17
-0.37
-5.36
0.24
-5.42
-0.36
1.97
6.75
0.6
6.71
3.24
0.58
4.06
4.61
3.07
1.06
-6.18
0.81
2.42
-0.59
1.38
1.33
-6.01
2.74
-6.59
-5.89
-4.79
5.39
0.82
-0.89
1.32
-0.11
1.41
-1.24
6.88
-0.98
-5.47
4.52
-0.83
8.43
-1.06
1.25
-0.52
-5.78
0.65
-0.7
-5.19
-0.65
-1.45
-5.16
6.29
2.69
-7.02
3.47
0.47
-2.16
7.37
4.57
-1.66
-1.14
-1.56
1.76
0.08
-0.64
2.7
-0.38
-2.38
-5.48
0.21
1.27
0.04
-0.53
2.0
-1.97
-4.25
-1.03
0.12
2.01
-5.81
-1.17
0.63
0.07
-6.17
-2.46
-2.78
1.66
-0.81
1.84
-7.04
5.04
-1.44
-6.25
0.81
5.14
4.27
2.06
-0.57
0.58
-1.03
-3.63
-4.83
-4.82
-1.54
2.04
-1.09
-5.03
-1.68
1.54
2.85
0.45
0.61
-5.88
-4.33
-0.03
3.53
-0.97
-6.12
0.34
7.2
4.01
-0.59
-5.96
-2.0
-2.47
2.07
1.21
0.35
-0.8
0.52
-1.9
-1.11
1.91
0.78
-2.01
-6.4
0.4
5.81
-0.13
-3.09
5.42
-6.1
-6.4
0.97
3.4
-1.08
0.39
-1.76
0.12
2.13
-6.31
0.54
0.17
-0.37
-1.3
0.61
4.55
-0.86
0.2
-0.49
5.06
-0.34
4.76
3.19
5.31
-2.96
0.8
-5.77
0.09
0.64
1.37
2.24
-2.28
-6.4
-1.07
-1.87
-1.44
-0.09
0.83
0.38
0.36
-0.26
0.23
3.08
-1.25
-0.9
-1.78
-0.37
-3.59
3.85
-0.11
6.6
1.83
3.03
3.31
-0.6
6.0
-0.45
2.3
0.27
0.02
-0.94
6.98
-3.83
0.32
-5.45
2.01
-5.62
-2.76
0.58
7.11
5.7
-1.77
-1.72
-0.68
3.18
-5.29
-0.58
-4.31
2.38
-6.94
2.35
0.21
-3.96
-0.66
-1.64
1.16
-1.1
2.05
0.32
0.38
-1.05
-5.36
2.85
1.2
-1.63
-5.95
-2.91
-6.77
1.65
-0.18
-6.38
-5.86
-5.58
0.08
0.58
0.63
0.42
1.26
-0.21
1.58
5.58
-5.68
-3.38
-5.73
-0.97
-5.69
0.27
-0.42
-5.6
-1.14
2.7
-0.96
2.6
4.54
-4.49
-0.17
-2.33
0.03
2.53
-1.53
1.64
-5.74
-1.27
0.52
-0.58
1.28
-0.59
-1.12
3.26
-2.78
0.27
-0.59
-1.8
1.39
0.71
-1.52
6.74
2.32
-0.29
-6.06
-6.54
-0.68
0.35
0.48
5.75
-6.04
-0.93
0.37
5.98
5.98
-0.9
0.26
0.74
0.05
-6.79
0.1
-4.93
-1.01
-0.63
-1.31
3.32
1.91
-5.13
0.07
0.24
1.51
-1.52
-3.25
1.58
-2.96
-5.49
0.58
7.0
0.33
-0.98
1.64
-5.65
1.4
3.54
-0.99
5.12
-1.09
-5.2
-5.56
-3.96
0.09
-3.86
-0.34
-0.38
1.18
-0.17
-6.54
2.99
3.75
-6.19
-2.7
-0.35
-0.97
-5.8
-0.7
-1.19
-0.25
-3.42
1.12
-1.5
0.37
-6.17
-1.99
3.09
-2.57
-2.19
-3.1
-0.41
1.32
-0.36
-3.06
0.34
-0.2
-4.25
-2.15
0.51
3.09
-1.55
-0.23
4.47
3.19
2.65
6.74
-1.11
-0.71
-5.65
3.7
-5.55
-3.26
1.07
-1.21
1.04
1.86
2.75
-5.65
-2.43
0.18
-5.16
0.61
4.82
4.87
4.74
-0.45
-5.14
1.58
4.53
0.28
2.95
-1.08
2.22
5.97
0.43
1.72
0.06
-1.12
-4.7
1.78
1.39
-0.83
0.2
-1.05
1.66
0.85
-1.85
4.72
4.21
6.06
3.31
1.71
0.56
-6.04
-5.25
-1.61
1.57
-1.25
-5.62
0.36
-0.57
2.8
2.45
-5.68
-0.57
-2.79
-1.3
1.46
3.84
-3.32
1.19
-0.97
-2.96
7.72
-0.42
-4.2
0.71
1.1
0.71
-0.65
-1.33
1.96
3.28
0.02
0.47
-4.59
2.9
2.37
-0.35
-3.12
-0.84
5.58
8.58
0.73
3.58
3.18
1.74
1.09
-1.18
-6.56
-6.35
-2.35
-2.56
-0.24
0.23
-1.29
-0.5
0.31
1.59
2.24
-1.24
-5.56
-6.31
0.73
-5.5
-5.52
0.56
-6.47
6.78
-1.88
1.02
3.61
-5.23
-1.71
-0.53
2.44
0.08
-2.12
-6.27
2.12
4.23
-0.53
-0.89
-0.75
1.77
4.9
2.71
3.54
-5.09
-0.9
-1.05
-5.55
0.37
-5.71
0.03
-2.97
-4.84
0.45
-6.31
1.42
-0.81
1.43
0.54
0.67
0.14
-1.88
-0.98
-6.01
-1.14
-1.86
-2.86
-0.71
4.46
0.12
4.67
2.19
3.49
-6.13
3.26
-5.69
-0.81
4.43
5.45
-4.99
-6.91
0.96
0.39
-6.81
-5.8
1.14
-2.07
1.0
4.5
-1.05
3.57
0.86
6.76
7.92
-1.06
-1.87
2.27
-0.22
-5.01
-2.7
0.78
-1.23
1.72
-0.87
-3.12
-5.58
0.3
-0.82
4.67
-0.04
1.56
-6.27
-1.05
0.3
5.2
-1.34
-6.33
1.88
-6.09
0.14
5.97
0.97
0.59
5.9
-2.13
4.1
6.63
7.44
-4.04
1.76
-5.5
2.9
2.53
-2.0
-0.1
-0.28
-5.25
-1.56
-5.35
-7.35
-1.21
1.73
-0.41
-1.5
-3.1
-0.19
2.29
5.78
3.06
4.31
4.89
-4.76
5.05
5.09
-1.8
0.75
2.5
-5.89
-2.18
-0.84
1.09
0.01
0.77
0.3
2.2
-5.93
-1.29
-2.36
0.56
3.07
-3.96
-0.95
-0.53
0.83
4.4
3.98
-0.02
0.17
-0.06
-1.18
4.13
-1.16
0.65
0.39
0.88
0.42
-0.09
-2.5
-0.69
-0.7
-0.84
-5.25
0.41
0.01
-1.91
-4.96
1.35
-0.86
0.31
0.2
5.91
1.47
3.51
1.85
-0.31
-1.99
2.87
1.75
-0.63
-0.23
-4.82
6.05
3.15
-5.88
-0.36
0.49
1.12
3.32
0.2
-1.19
-2.63
-6.19
-1.87
2.54
-0.12
2.31
-3.33
4.56
0.29
4.27
0.59
1.36
-0.02
-1.45
1.77
-3.58
0.58
4.92
0.4
-0.88
-0.33
2.07
7.37
5.73
0.81
3.77
-2.17
0.78
-7.15
-0.06
0.09
-2.05
1.07
-1.35
-1.44
0.7
0.06
2.75
1.77
4.59
-1.63
1.9
6.59
7.18
-1.3
-4.32
3.43
-0.48
-1.23
-0.8
-0.63
-0.91
0.44
-5.78
4.49
-0.21
0.68
-0.03
-6.52
-1.69
-3.06
4.14
6.8
-5.19
-4.25
0.59
1.37
3.43
5.28
-5.48
3.51
-6.3
-2.3
-1.19
2.44
-5.54
-1.47
3.04
4.26
1.58
-0.47
-0.81
0.38
-0.34
1.55
0.11
-6.63
-0.14
0.6
8.37
0.05
-0.81
-2.72
1.06
1.0
4.98
-1.66
1.31
-3.06
-0.13
2.46
-6.36
-1.45
-1.37
1.97
-1.44
-6.69
-0.67
-4.03
-0.47
-1.99
-6.33
3.12
-0.29
3.46
-0.58
-2.08
2.22
-2.63
-1.85
5.03
-4.14
-0.38
-5.25
-5.71
1.33
1.32
-0.34
-0.35
-0.43
-1.05
2.62
2.98
-0.47
-0.49
6.59
-6.19
1.63
-0.2
1.16
3.92
-0.86
-2.05
0.25
-2.2
-5.96
-5.65
2.19
3.11
4.19
0.92
3.51
3.47
-0.09
-0.19
-5.47
-0.56
-2.53
-0.39
-2.8
-0.8
0.71
-0.14
5.0
-5.36
-0.44
-0.32
0.09
5.15
3.53
4.17
-2.49
0.68
2.33
-0.36
0.86
0.34
0.13
2.41
-2.77
-5.54
3.54
-6.53
-0.51
0.68
-5.75
-1.02
3.24
1.29
-5.65
3.71
7.06
-0.04
-0.8
0.9
-4.54
5.78
0.82
3.6
1.25
5.35
4.63
3.35
1.2
0.24
0.57
-0.48
0.99
5.7
0.0
-0.94
-0.16
-1.24
-5.78
0.41
-1.8
-0.35
0.85
-0.68
1.21
-5.92
0.84
-2.12
5.26
-0.33
0.7
-0.39
-0.39
-0.04
1.88
-5.74
-5.09
-1.32
-0.42
0.74
-2.09
0.26
-1.09
4.36
-0.97
1.22
1.06
2.81
3.43
0.88
-1.35
0.52
-3.11
4.08
0.19
-1.74
1.79
0.59
-0.67
1.31
-4.38
2.59
0.34
7.26
2.4
-0.25
0.91
-5.19
-1.48
-0.6
0.6
-0.07
7.16
-5.77
-3.05
-4.68
1.25
-0.47
0.86
0.36
2.67
3.8
4.28
-5.87
1.35
-5.32
-4.42
0.93
-0.5
3.93
-0.93
-2.16
0.05
4.02
5.7
1.82
2.9
2.3
3.55
-1.29
3.01
-0.44
0.07
4.35
-0.67
-0.33
0.96
2.59
-4.8
0.42
-5.26
-2.06
-1.15
3.66
1.1
6.66
4.81
4.4
-3.26
0.41
-2.51
4.12
-2.31
3.04
-5.91
-5.42
0.23
6.3
-2.54
-1.26
7.12
0.93
-1.35
0.34
-0.03
-1.36
-3.63
-0.87
-0.82
0.58
-0.03
-0.31
1.11
6.0
-1.81
-4.92
2.19
-1.76
5.94
6.12
2.39
1.78
0.92
3.7
-7.16
-1.99
-0.89
-0.68
-0.66
-2.4
-0.94
1.27
1.06
1.47
-5.23
-5.29
5.86
3.97
-0.8
0.6
1.48
-1.0
-2.72
-0.65
0.65
0.66
1.61
1.99
1.24
-0.83
-0.7
1.93
5.22
1.58
-0.22
2.4
0.86
1.24
-5.42
-0.57
-0.72
3.4
8.31
-0.51
1.63
1.13
0.38
5.33
3.59
1.31
-2.1
-0.4
1.43
5.5
-4.36
5.61
-0.45
-1.76
0.92
1.66
0.6
-4.96
-3.96
-0.61
-0.75
6.02
0.05
-5.03
4.11
-0.5
3.14
-1.69
3.43
-0.19
4.01
-0.67
-1.13
-2.28
-5.38
5.02
3.04
1.54
5.36
-6.23
-5.67
4.66
-2.96
-1.42
-3.83
0.85
3.22
5.62
-0.8
-5.19
1.99
-4.66
-5.93
-0.62
1.71
1.12
-2.37
0.99
-6.16
-6.13
-0.5
-1.33
3.48
-0.28
-5.86
1.6
0.08
2.91
-0.17
-2.8
1.41
-0.26
4.86
-1.27
0.43
2.06
6.35
-5.94
2.56
0.18
-4.44
1.38
-0.37
-7.45
3.72
-1.8
-5.69
0.02
-4.61
0.16
3.75
1.89
0.29
0.8
2.45
1.37
6.28
0.1
3.8
2.56
0.05
-2.98
1.1
-0.36
-0.96
-6.2
1.09
2.38
4.04
3.0
4.17
-0.82
0.05
-3.32
1.67
-1.55
0.01
0.25
-2.77
-5.36
-1.87
4.11
-0.03
1.35
-5.13
-5.92
0.04
0.79
0.98
-0.77
0.36
2.85
3.1
-6.51
-1.32
0.13
0.42
1.09
-0.67
-1.94
1.02
0.25
7.0
-0.67
-1.46
-5.89
2.57
0.25
4.43
0.75
-2.76
0.81
1.12
-0.95
0.6
-0.84
0.21
1.96
-0.0
-5.77
0.52
-0.35
6.6
2.33
-0.41
-1.82
-2.07
1.05
5.07
-3.1
1.54
-0.96
3.06
-0.29
-0.78
1.23
-0.45
1.0
-5.26
-5.93
4.57
-1.31
0.48
5.3
-6.68
0.32
-0.0
-0.86
1.06
2.78
0.04
-1.08
2.03
-0.85
-2.68
1.65
-0.19
1.64
4.44
-2.19
-5.42
-0.28
-0.03
5.33
-5.39
3.33
-0.75
2.05
0.62
-0.97
1.22
2.96
-5.16
0.87
1.16
1.06
4.82
3.59
5.54
4.15
2.76
4.51
-5.72
-0.16
4.23
3.8
6.65
-6.49
0.76
-4.53
-0.81
3.18
-5.16
-0.45
-2.72
4.75
3.51
1.16
0.68
5.78
1.29
1.99
3.49
-5.06
2.72
-0.06
2.03
0.39
0.08
6.11
1.97
-0.61
0.21
-6.28
-5.86
-3.63
2.18
0.89
-5.66
4.54
3.21
-5.63
-2.72
0.22
-1.24
1.58
2.35
4.68
-6.15
-6.2
1.75
0.38
5.91
4.98
-1.28
-2.31
2.2
-0.34
-1.62
0.02
-1.04
-1.82
-0.6
0.01
-0.41
-0.48
1.59
2.77
-6.18
4.83
0.36
0.93
-6.13
-0.11
0.85
-6.0
-5.19
-6.08
0.66
1.01
-3.04
-6.25
-0.34
0.07
-2.97
-0.47
-0.1
-2.15
1.39
1.75
2.0
0.26
-2.23
-0.19
1.62
1.22
-4.68
0.51
6.56
-3.47
-5.38
-4.72
1.95
-2.29
-0.32
4.75
1.44
2.61
0.18
-0.91
6.63
-0.13
-2.93
0.44
-0.74
0.46
1.08
-3.96
-5.55
0.83
-5.13
-2.58
-0.36
3.28
-6.47
-3.65
-0.97
-0.05
-1.37
-5.8
-1.18
0.04
-5.38
-0.57
-2.59
-0.59
0.0
-1.01
-1.8
2.12
4.1
1.69
-6.01
0.33
1.49
-5.67
-1.98
3.3
0.03
2.53
3.22
0.93
0.81
1.9
1.07
2.24
-5.88
1.06
-2.33
-0.6
4.29
-5.74
-5.95
2.42
0.11
-0.81
-0.75
-1.8
0.88
-5.72
0.78
-0.06
-3.02
-5.76
-4.75
0.89
1.92
1.96
5.9
4.74
4.71
-0.39
-0.63
-1.42
-0.35
-1.61
-4.92
4.52
-0.46
5.16
0.09
3.42
6.2
3.39
6.97
-0.55
0.19
-4.73
4.37
-0.28
0.61
3.45
0.52
4.57
0.83
-4.59
4.31
1.96
0.39
0.48
-0.3
2.54
-1.55
1.04
2.12
-6.32
5.9
4.87
-2.35
-0.21
-0.2
-3.78
2.6
0.9
-0.99
0.82
-3.01
-6.03
-1.01
1.42
1.12
2.98
-2.33
-5.67
2.3
1.06
-5.29
-0.83
-2.09
-6.32
-5.92
-5.23
2.6
0.96
0.71
4.51
0.43
1.8
-1.03
0.83
0.22
0.71
0.56
-0.72
0.05
-5.31
-4.74
0.13
-6.19
-1.17
0.96
0.85
-0.65
-0.85
2.29
-6.45
5.3
-0.66
-6.23
-1.85
-2.26
0.09
-4.05
1.91
-0.43
-1.43
-4.74
-0.34
-6.19
-0.02
2.16
-6.53
-0.33
0.76
1.78
-2.49
0.04
0.41
1.13
6.02
-1.54
2.95
-1.91
1.03
0.65
6.76
1.73
0.63
-1.14
-0.7
1.86
-1.75
-6.25
-5.44
-6.11
0.08
1.33
3.0
-0.09
-2.08
-6.53
0.51
-0.98
-1.56
1.33
0.45
-0.04
1.02
-0.91
-2.04
0.94
-0.21
2.35
-5.81
-0.93
0.89
-7.09
-0.62
-5.59
-1.8
-2.32
-0.09
-5.31
-6.18
-0.15
-6.09
-1.97
1.81
-6.42
-5.43
3.82
-5.79
-6.28
3.21
2.87
1.86
1.35
-1.02
-4.13
1.21
-0.52
-3.39
3.15
-5.88
0.81
5.23
2.5
0.32
-5.1
-6.04
-0.6
-1.38
-6.14
-2.94
2.15
-1.09
-4.84
-0.79
-1.61
-5.6
-3.47
-4.7
-5.1
1.94
-1.07
-0.48
0.39
-0.96
-3.4
1.04
0.43
1.49
0.2
0.92
-0.18
0.83
4.62
1.73
-2.11
-0.28
0.15
-6.36
-1.39
-3.03
-3.09
0.25
1.44
1.32
-4.9
4.67
4.3
0.35
3.94
3.89
1.69
-6.31
0.37
0.83
-4.32
4.04
-0.7
-0.61
2.57
-0.51
-0.89
0.16
0.16
4.14
-0.37
-3.71
1.16
-1.57
1.17
0.56
7.67
0.29
-1.27
-5.31
4.0
1.6
0.28
0.94
-0.5
-6.2
-0.16
-0.94
1.29
-5.38
-1.52
-0.13
-6.18
-4.78
1.3
-2.39
1.87
0.64
-5.66
-5.4
2.68
1.04
-0.77
-5.81
-1.38
-0.78
2.35
6.76
-1.41
4.22
2.17
6.75
-1.18
1.37
2.18
-0.47
-5.99
-0.83
-2.56
7.51
3.64
1.86
-5.77
-0.7
2.87
5.81
1.58
0.08
-1.07
0.34
-0.8
5.43
-3.63
-3.58
-4.41
0.37
0.15
-6.63
4.61
4.41
0.35
-1.25
-4.06
-5.89
5.87
8.19
3.6
5.68
1.12
-1.47
-5.53
-5.47
-5.75
3.93
4.81
-0.83
1.89
2.17
-5.79
-6.04
-4.81
-4.97
0.93
-0.37
-2.25
-0.65
0.94
4.8
-1.22
0.5
1.01
-0.94
-5.63
-3.33
-0.76
2.52
-6.68
2.36
-0.15
-1.09
1.11
4.21
0.25
4.04
-1.39
-4.99
1.13
0.28
6.17
-2.18
-4.72
3.51
4.39
1.86
1.0
2.44
-2.01
-1.86
3.55
-0.19
-0.02
-1.37
0.21
1.75
4.01
-0.59
-2.16
1.04
-1.0
-0.95
2.1
5.24
0.03
-0.59
-0.52
0.8
-5.15
0.06
1.49
2.17
1.25
-5.93
-5.4
5.28
2.41
-5.81
-2.06
0.48
2.34
2.75
3.32
-0.13
6.15
1.42
0.59
-0.18
2.78
-1.63
0.13
1.33
-1.31
0.7
1.44
6.75
3.48
3.99
-0.77
-0.33
2.23
0.22
1.11
-0.25
2.08
-0.55
5.48
2.99
2.0
6.4
1.55
-1.0
-5.49
-6.64
-0.91
0.75
-1.7
-0.01
-0.96
-0.15
-5.43
-0.91
-4.61
6.87
-6.09
-1.68
4.25
2.33
-0.69
3.86
4.4
4.1
3.71
4.62
-0.65
1.54
0.63
4.46
5.37
0.77
0.95
2.78
-0.86
0.72
0.48
4.32
5.87
6.08
3.25
2.51
-0.04
1.36
5.45
-5.14
4.33
-0.54
3.78
0.65
0.19
0.52
-1.33
1.48
-5.33
-1.05
-0.65
-5.56
0.59
1.4
0.67
-2.09
0.6
-4.56
5.29
-7.08
-1.46
1.24
-6.2
-5.33
0.06
3.44
-2.72
3.81
3.51
0.47
4.99
3.17
7.67
-0.42
-0.36
1.55
-0.35
-2.5
7.39
1.55
0.27
0.43
-1.12
1.26
6.25
-0.39
-3.38
-0.91
-1.8
-6.33
0.11
-5.6
4.67
0.79
-0.96
-1.29
2.95
6.25
-7.01
-6.32
0.42
0.89
4.01
0.84
0.42
1.1
2.93
0.64
1.27
-1.05
-2.58
4.37
5.55
-0.62
0.29
-5.14
-5.54
-6.01
5.04
2.41
2.16
6.42
3.52
2.4
-4.84
-5.36
0.67
8.2
5.95
1.58
1.7
-0.5
1.55
3.75
-6.09
1.58
3.76
0.04
-5.88
-6.25
-1.2
-5.53
-5.42
-0.77
-1.17
0.67
0.32
-4.86
-1.47
7.67
4.27
2.33
4.57
-1.73
-5.08
-0.14
-1.89
-6.23
2.71
0.91
3.55
5.66
-0.41
1.18
4.61
-0.5
0.69
0.32
-6.65
1.54
1.83
3.73
5.76
-5.92
-0.48
-1.15
-0.07
-0.76
-0.66
1.65
-0.63
7.83
1.94
-6.29
-1.81
-3.59
-6.49
0.57
-0.38
-5.98
4.15
-6.33
-5.47
0.66
0.4
-3.76
-1.46
-4.24
-6.29
-4.96
-0.0
3.96
5.85
2.39
2.95
8.26
0.14
-0.28
0.27
5.39
7.24
6.33
3.29
6.91
-0.43
0.89
4.1
5.96
-1.4
-5.96
1.12
0.43
1.31
-0.75
5.39
6.52
4.68
-3.45
4.94
2.1
-0.94
6.99
8.07
1.24
1.88
-5.65
4.62
0.05
-2.02
5.94
2.26
2.24
2.61
-0.89
4.53
-0.45
9.07
0.46
-1.16
-1.61
-2.81
1.56
-1.75
-0.27
0.58
3.27
-4.03
2.21
6.64
-1.63
-1.04
-1.2
-3.99
1.21
2.05
4.3
-3.52
0.44
0.21
-2.65
-5.28
4.0
-1.34
0.41
1.97
-4.94
0.98
0.84
-0.1
5.46
3.63
0.82
3.45
-3.22
0.82
5.1
-0.93
-0.81
1.85
1.63
4.14
0.09
-1.95
2.58
3.06
-5.35
-6.97
-0.98
-0.56
-5.01
-2.53
-0.71
1.73
3.08
1.78
-0.41
1.04
-0.13
-0.32
-0.96
1.85
1.1
-4.28
0.9
2.92
1.24
-6.2
-5.4
1.51
-4.36
1.38
0.57
0.35
-6.31
-1.02
0.74
2.96
0.41
3.85
0.27
-2.19
-5.18
6.99
2.83
0.83
2.4
2.52
5.18
1.69
-2.91
-6.57
0.38
1.7
0.39
0.56
4.6
0.22
2.75
-5.9
1.74
2.07
-0.75
0.54
0.47
-2.97
-2.06
-4.74
-4.56
-5.49
-1.46
-0.86
0.31
1.46
-6.77
5.44
0.42
-1.51
1.03
-6.67
-0.31
-5.47
-0.98
-6.01
0.15
-1.27
0.46
-5.45
1.88
-5.73
3.15
-0.78
-0.38
0.6
-5.98
1.25
-1.08
-0.4
-0.65
0.42
2.78
5.25
2.06
6.4
5.6
1.12
-4.82
-1.23
2.71
-1.39
2.28
-4.81
-6.23
4.97
-6.61
1.01
-1.22
-0.81
-5.75
-0.9
6.58
-0.49
-5.55
-5.95
-4.43
3.61
-0.16
1.2
-6.04
1.85
0.66
3.23
-1.36
-6.42
2.06
-0.21
-0.1
1.49
2.22
4.97
0.66
-0.84
-1.78
6.26
-6.06
0.99
-0.3
2.64
-1.13
-7.06
-0.32
8.06
1.43
5.02
3.49
-0.22
-0.34
4.67
0.08
6.7
5.85
6.94
-1.96
-0.6
2.1
-0.94
4.09
7.5
-5.77
0.34
-5.88
4.33
-5.17
4.29
2.59
0.5
0.67
-0.61
-6.07
-0.18
1.44
0.35
5.28
2.32
-6.17
5.06
-4.8
-4.37
-1.94
2.73
-6.08
-0.83
-5.69
2.0
3.91
5.44
-0.78
2.94
4.93
-1.6
0.21
-4.82
-3.49
4.32
5.5
-4.59
0.11
-0.73
1.47
0.86
4.72
-0.59
-5.67
0.75
-5.93
2.04
0.33
-0.77
6.79
4.79
1.22
0.87
-5.19
-0.47
1.33
-4.03
2.81
0.23
4.84
-2.73
-5.58
0.04
2.38
0.37
-0.47
2.0
4.38
0.37
-1.53
-0.06
4.79
-3.7
3.3
0.59
0.16
1.6
-0.27
0.6
2.14
-1.89
-4.48
3.39
1.79
-0.5
1.57
-0.53
-0.67
0.12
0.39
0.69
-0.26
0.6
-2.93
-1.34
-0.13
-0.17
2.44
-0.76
1.62
-0.89
0.44
4.2
-4.97
3.17
-4.54
-0.74
0.26
4.53
0.33
7.19
-1.66
-4.74
0.66
0.27
-0.8
0.61
2.0
2.83
-5.53
6.33
3.05
-2.91
-5.58
0.43
3.44
-0.87
-5.48
-1.96
1.56
-1.28
0.26
-4.86
-1.06
0.31
5.26
-5.72
-1.14
1.28
-6.7
-0.53
3.57
-0.11
-2.54
1.77
-6.48
1.12
-1.26
3.21
-6.11
0.86
0.81
-2.09
2.38
-6.29
-2.44
7.84
0.42
-1.84
-3.51
-6.17
1.28
4.68
-5.42
-0.52
4.24
1.6
-5.33
-0.69
0.86
-0.67
4.75
-0.27
0.68
-0.56
3.32
3.33
3.75
3.42
0.09
-6.15
-0.79
-0.9
0.14
3.26
-1.64
0.85
0.33
0.32
5.34
-4.52
-0.13
4.94
2.02
5.43
-1.42
1.42
-0.58
-5.74
0.9
0.42
2.16
4.94
-1.34
4.24
-1.14
-3.33
-0.72
-0.2
0.2
-6.29
-4.47
-1.58
3.85
-5.63
1.95
2.53
1.14
0.69
-6.04
4.8
0.61
1.93
0.3
-3.76
-0.29
-2.3
5.2
-0.85
-4.92
-0.51
-0.28
-0.38
0.43
-2.24
-6.02
2.95
5.22
5.43
-3.72
-1.92
1.2
2.25
1.24
-6.26
0.07
4.47
-6.47
0.13
4.99
3.45
5.58
-1.86
-0.59
-6.1
0.53
1.22
0.4
-0.12
-6.61
1.34
-6.45
2.48
6.24
2.41
-3.09
5.46
-5.23
-1.54
-5.2
-5.62
-5.82
-6.57
7.27
-0.49
-5.6
-0.65
-1.01
2.42
-5.38
1.06
-0.63
0.95
0.32
1.36
0.25
5.71
4.57
0.56
-6.05
-5.09
3.07
4.85
-5.44
-1.19
-4.72
-0.39
3.91
-5.55
-2.04
4.32
5.06
1.49
2.93
-1.3
-1.97
-5.94
1.26
-0.42
-3.6
0.55
-0.47
-0.27
-2.34
1.46
0.56
2.68
-5.81
6.97
-5.49
0.37
-1.5
-6.68
-5.4
-1.26
-0.31
-5.45
-0.68
-6.1
0.51
-5.49
0.66
-5.25
-0.56
-0.18
0.93
-1.31
3.9
-4.97
-0.03
-6.71
0.71
0.69
1.08
-5.72
-5.13
1.95
5.48
-1.72
0.85
4.95
7.12
0.78
0.91
4.91
4.74
7.42
1.52
0.69
0.91
-2.3
1.89
2.75
0.57
0.23
0.37
1.45
-0.68
0.19
0.42
5.2
-0.37
-1.07
2.31
-0.8
-0.77
-1.51
6.48
1.42
-6.02
3.98
-2.01
4.08
-5.12
-0.85
-0.08
3.25
1.69
0.65
-0.13
-1.4
-0.48
3.24
-0.97
-1.96
-0.88
-4.03
1.9
0.13
0.91
-0.4
-0.04
-1.2
-3.91
0.16
0.99
-1.63
1.24
-1.55
-5.31
1.12
0.28
4.43
-0.92
0.08
-0.22
-1.48
2.94
0.37
-0.3
-0.69
4.24
4.32
5.03
0.83
2.69
2.72
5.29
-4.88
-0.41
-0.73
1.12
5.78
-0.24
-5.23
-0.02
-5.17
-0.9
2.12
1.5
-4.95
5.1
1.13
-6.07
-1.27
-2.83
0.9
-7.03
0.56
1.3
-3.49
-0.99
-5.48
1.59
1.0
-1.41
-5.16
2.18
-0.53
-7.1
-2.5
1.29
-5.68
-0.6
-5.22
0.89
3.51
-5.94
-1.21
0.26
-1.68
-0.79
-1.25
-1.31
-2.12
5.07
4.18
-3.18
-0.7
0.02
-6.57
-0.45
1.53
-5.72
-2.36
-2.74
-5.97
-0.76
-0.96
2.09
-1.47
-2.38
3.62
1.55
6.57
2.62
5.45
1.29
1.69
-1.42
-0.11
-3.51
-1.63
-6.59
-0.53
1.23
-5.54
3.34
3.14
-4.41
-6.5
-6.0
0.65
0.76
1.14
0.51
1.98
3.7
1.82
2.18
5.75
0.71
0.16
0.1
-1.44
3.02
3.24
1.74
3.01
1.09
5.73
-4.08
0.19
0.51
-6.29
-4.63
-6.09
0.17
2.27
-2.12
-5.06
-3.04
-1.48
0.46
-0.72
1.25
2.67
0.09
-2.53
1.97
0.18
-6.41
-5.77
-5.09
1.29
3.36
-5.33
4.83
6.21
-0.04
-5.4
-6.34
-5.44
1.04
2.63
-5.8
-6.1
-4.82
-5.56
-0.13
-0.61
-6.27
-6.77
-1.62
0.7
-6.48
-3.83
-5.83
0.52
-6.07
0.24
2.12
1.8
0.95
1.92
-1.27
-5.53
1.75
-3.14
0.62
-3.29
5.42
5.17
-1.29
4.24
-0.23
1.37
4.42
-5.45
6.62
-5.2
-0.57
-2.04
-0.13
-5.35
-6.2
-1.23
0.6
-0.14
-4.85
1.52
-5.76
5.21
-0.54
3.24
5.28
3.41
1.18
-5.44
1.36
-6.23
-0.2
3.46
-1.25
-1.67
-0.21
0.26
0.81
-1.8
5.0
0.98
-0.29
-6.0
3.38
-0.99
0.96
-0.72
-0.47
-6.42
-0.18
-5.74
6.78
-0.93
4.71
-0.77
-0.24
0.97
2.03
0.22
0.13
2.42
-5.88
-6.22
5.17
1.94
-0.82
2.16
-0.59
1.23
-0.08
0.55
1.34
1.26
0.89
0.47
-5.22
1.08
0.96
-2.78
-1.94
-5.62
-5.59
0.06
-2.46
-1.37
0.81
-0.13
6.68
1.14
6.4
-1.32
-0.9
0.46
0.53
-5.19
-0.4
-6.85
-2.63
-5.76
-1.53
-1.09
5.0
3.99
0.53
-0.38
0.67
-6.17
-4.94
-0.15
1.4
7.57
-5.82
0.35
2.03
-6.18
1.66
0.09
-0.67
-0.5
-6.31
1.85
7.85
1.51
5.0
1.63
-6.57
-1.91
-2.98
-1.0
-0.74
-3.93
1.97
4.3
-1.77
0.15
0.72
-3.31
0.84
-1.51
2.51
0.58
-0.55
3.2
0.28
-6.23
-6.31
0.07
-0.78
1.55
-5.38
-4.76
2.58
-2.18
-0.73
-0.16
0.04
-5.56
1.84
-0.37
-6.06
-4.82
-0.72
-5.94
2.49
7.19
0.58
-6.62
-1.89
0.76
-1.76
-0.46
1.18
1.43
-2.04
-6.65
-2.22
4.82
-1.37
0.25
1.54
-0.4
-0.57
1.97
1.98
-1.06
1.06
1.27
4.97
0.62
-0.3
-0.15
2.75
0.9
-0.65
0.73
-5.95
0.24
1.59
1.04
7.03
3.11
6.8
1.02
7.23
0.85
2.57
-6.14
0.83
0.26
1.75
-0.5
-0.62
-0.29
2.18
-5.98
-1.74
-0.58
0.41
2.56
0.93
-0.42
4.63
-5.68
3.81
6.21
5.77
5.57
-0.94
0.4
1.37
2.23
-1.23
-0.51
6.01
-1.65
2.26
-0.84
-0.86
-0.65
-0.94
-0.22
-6.55
-6.49
4.41
-0.89
-0.76
-6.59
5.52
-0.68
-0.51
3.46
4.09
-5.61
5.76
-1.12
0.27
-0.86
-0.63
1.19
0.58
1.12
0.53
-2.31
-0.43
0.46
4.98
-1.03
-6.21
0.14
4.95
-4.69
-5.84
-1.95
-2.05
0.61
4.34
3.71
-0.15
-5.33
-5.52
2.45
5.19
-0.63
4.64
2.63
0.37
0.56
-0.13
0.4
-1.48
2.81
0.39
-1.53
-0.33
2.04
1.57
6.12
-4.16
2.08
-5.38
2.79
-6.15
-0.11
-1.14
0.67
1.45
1.83
-0.43
-1.09
-6.17
-0.73
1.39
1.33
-0.53
5.65
-1.18
-1.83
1.25
-5.8
0.23
1.09
2.69
-5.42
-1.03
5.02
1.87
0.83
4.69
-0.47
4.66
1.4
-0.18
0.06
-5.25
-1.1
5.62
-3.62
-1.96
-2.56
-5.52
1.93
-5.54
4.7
4.41
2.49
2.54
-5.2
1.99
-3.16
6.32
4.6
0.63
-5.2
-1.78
-4.82
-1.6
0.31
-1.11
-0.12
7.3
-0.59
1.58
-0.97
1.98
3.62
-5.16
-5.4
1.61
6.04
3.02
3.84
-6.45
-0.0
-2.17
-5.49
2.41
-0.05
1.71
-4.16
1.07
-2.26
3.1
0.93
-0.29
-2.31
-5.9
0.73
-1.31
-2.61
1.66
7.09
3.08
1.82
-1.54
-1.89
0.89
0.91
-5.19
6.05
1.58
1.51
-5.66
-0.88
-0.45
0.33
2.74
1.98
0.46
1.27
0.36
-5.85
1.37
-2.63
-1.89
-2.46
0.06
-5.7
-1.21
4.89
-0.29
-1.8
-6.2
-0.87
-0.88
-0.51
2.18
3.8
-1.19
0.56
1.22
-0.07
-3.0
-0.89
-6.67
-5.35
-0.6
6.58
-0.88
-0.81
-4.06
3.18
-5.88
-0.18
1.18
-3.1
-2.0
6.24
-0.51
-5.45
0.09
-0.79
1.16
-0.43
-6.59
-0.73
-6.17
0.18
-5.98
1.5
5.21
-1.53
-6.37
-5.22
6.43
1.32
-7.38
6.21
-0.89
4.6
-4.66
0.3
1.85
0.44
0.81
2.27
-0.63
-0.5
0.2
-5.36
5.55
-4.92
5.9
-0.94
6.44
1.97
1.12
-0.84
-0.89
-0.15
-6.45
1.24
-6.33
1.33
1.53
2.36
-2.26
-2.8
-5.05
-0.61
7.51
1.15
1.18
-0.51
-1.11
-3.54
-1.0
-0.49
-0.24
-0.74
-5.66
-5.04
1.09
-0.96
-0.33
0.96
3.37
0.47
0.19
1.88
-0.49
0.2
1.17
-0.69
-1.01
2.87
0.03
-7.23
-0.06
4.38
4.38
3.0
-3.47
-2.45
1.04
0.68
-1.66
4.45
3.63
3.25
-4.59
0.51
1.51
0.22
3.97
1.82
-6.23
-0.57
-5.4
-0.06
-6.59
1.55
1.47
3.26
4.33
4.67
-2.03
0.77
-0.54
0.87
0.48
5.57
7.95
5.62
-1.58
-0.73
0.15
-0.51
0.94
-0.03
1.68
-0.12
-1.45
1.09
-0.57
-5.58
-5.49
-5.61
-1.44
-2.47
1.04
-5.71
0.36
0.26
2.8
4.32
5.91
-3.44
-0.88
3.01
3.01
3.98
0.61
3.97
4.25
7.21
3.54
1.9
-0.52
-2.63
3.17
-0.54
3.17
1.22
0.03
4.17
0.12
0.48
-5.84
1.42
4.19
5.62
-1.89
-5.9
-0.89
0.1
0.65
-1.29
-1.28
-0.74
-5.53
1.51
0.69
-3.66
-5.62
-2.78
-6.3
0.57
5.66
-4.33
2.35
-1.3
6.5
6.22
2.89
2.25
-1.02
1.47
0.17
-1.8
-6.11
-2.84
3.99
0.99
0.42
1.22
1.73
3.06
-3.54
-1.69
-0.19
-0.1
-1.72
0.23
-0.17
-0.97
-0.25
-0.5
-4.49
-4.13
0.43
6.3
-6.02
1.34
-0.41
-0.11
-0.87
-6.58
-1.16
-6.03
-1.51
1.74
7.83
1.24
5.2
2.05
1.37
-3.55
0.56
-1.79
-2.8
-0.36
2.41
-3.88
1.05
0.52
-2.28
-1.82
-2.21
-5.42
-0.99
1.45
5.84
-7.7
-0.32
-4.14
1.11
-1.72
-5.22
-0.51
0.27
1.78
-6.13
2.68
0.82
-2.72
6.69
-0.61
1.47
-1.65
-6.26
-1.42
4.18
6.95
1.16
-3.69
-0.49
-6.38
0.55
-4.87
4.47
-6.95
0.93
7.74
0.76
1.71
0.94
3.08
2.46
6.65
6.01
1.42
-4.76
5.23
1.63
6.21
-5.53
-0.11
-1.21
6.92
-3.96
-3.52
-0.37
1.02
-0.77
1.0
0.73
-0.66
2.98
2.04
-0.26
-7.21
5.69
-6.48
-0.74
3.2
-0.25
-5.9
-2.53
-5.73
0.79
-0.27
-2.37
-1.17
-6.63
1.2
2.04
-0.43
-0.72
4.19
1.11
0.98
-0.53
-1.32
-3.84
-2.29
-0.99
1.98
0.45
-1.48
-6.42
-5.8
-0.71
-4.17
-0.7
0.07
2.22
-1.48
1.13
-0.37
-4.68
-1.04
0.86
-1.91
3.61
-4.49
2.02
-5.4
2.93
-2.06
-1.55
-0.65
-2.43
-4.63
-5.67
0.56
-1.2
0.5
-5.65
-3.5
1.69
-4.94
2.91
-0.7
4.96
-2.22
1.13
-0.18
1.15
-1.29
0.25
0.11
-6.55
-3.78
1.87
0.39
-0.53
0.92
1.82
0.15
4.13
0.5
7.32
2.11
0.79
0.41
-5.62
3.92
-7.34
0.35
-0.71
-5.59
0.44
-1.29
1.12
-6.87
-1.2
-2.63
5.67
8.22
5.69
6.69
-5.63
-1.27
-0.54
-0.76
-0.09
-0.11
1.35
-2.23
0.67
2.67
5.95
1.82
-5.73
-5.91
-0.2
-1.49
-0.75
5.96
6.89
4.45
0.78
-0.66
1.71
-5.2
2.6
-0.25
-3.26
-0.52
1.81
-6.6
2.22
0.68
0.59
-1.22
4.31
2.44
1.37
-2.42
3.06
0.26
-1.86
4.26
3.8
4.94
1.25
-1.76
1.25
-4.66
-1.47
1.73
0.12
8.44
-5.4
-6.07
2.04
1.11
2.11
-5.74
-5.43
1.12
-1.3
1.05
-1.09
-5.71
-5.48
0.25
-2.96
1.0
-0.52
-5.06
-2.14
0.46
5.1
1.13
-2.76
1.21
2.5
-5.76
2.46
2.54
-6.23
1.15
3.93
-5.22
2.96
4.99
6.76
1.19
-4.66
-2.25
-5.96
0.57
-6.79
5.63
-6.59
-0.47
-5.59
-1.76
0.58
4.64
2.11
5.13
1.11
2.88
5.4
1.1
-1.85
3.92
0.08
-0.24
1.23
-0.43
-2.71
-0.39
-1.7
0.68
-5.62
2.07
5.73
-6.31
-2.01
-0.76
-1.12
0.91
-5.49
-6.25
6.5
-1.01
5.85
1.84
-0.5
-6.23
1.58
-2.05
-1.41
-0.04
-0.56
-3.9
-0.08
1.95
-0.87
-0.58
1.09
-5.99
-5.77
0.44
-5.67
-1.74
0.52
2.39
4.88
4.58
-5.45
4.58
-0.86
-0.78
-5.66
1.66
-0.96
-1.45
1.58
-6.38
-6.07
1.19
-6.34
-4.99
-5.58
3.96
7.39
-0.97
1.28
-3.98
-4.76
1.74
3.78
-0.8
-0.76
5.39
-3.15
-5.48
2.68
-3.44
-1.22
-5.4
-1.0
-0.25
-0.15
-4.72
-0.45
0.95
0.91
3.22
2.78
2.7
-0.16
4.68
-0.49
-5.99
-1.28
-5.74
1.77
-5.08
-0.56
1.02
5.08
0.31
-6.37
-0.49
-3.08
-6.76
-0.27
-4.94
3.47
-6.68
1.31
-4.56
2.73
2.43
-1.78
0.11
4.37
3.48
-0.6
-1.7
0.52
0.79
0.94
-1.77
3.11
7.07
0.69
0.17
4.48
-6.28
0.78
-5.55
1.27
3.53
-1.86
5.04
-0.23
6.88
-3.97
1.43
3.64
-6.45
-1.09
-6.07
0.9
-0.24
-1.52
-1.27
-2.15
2.06
-1.34
6.89
-5.74
2.64
-0.69
2.25
2.14
-5.56
7.12
0.65
1.02
-5.53
0.78
1.71
1.73
0.29
-1.2
4.47
-3.05
-5.09
1.14
6.65
-2.02
-6.48
-1.5
-5.09
4.73
1.16
2.4
5.09
-1.95
2.54
5.3
5.22
2.7
-4.86
-0.71
2.72
-0.5
0.22
-1.22
2.59
1.66
4.48
0.21
4.13
-6.47
-1.5
2.03
1.49
0.11
2.19
-0.81
3.44
-5.45
4.24
-0.63
2.22
-1.54
0.22
-2.92
6.26
4.6
2.23
0.99
-0.4
-0.51
-1.11
-2.52
2.63
-0.56
1.23
-2.99
-5.88
0.17
-0.96
-5.58
4.24
2.0
5.44
5.12
7.59
-4.22
-0.8
-4.61
-3.98
-0.16
-2.87
2.73
1.53
-0.65
0.05
0.24
-0.82
1.29
-0.03
0.71
-5.52
-2.42
-1.31
-1.89
7.01
0.97
-6.16
0.9
0.73
0.16
-5.38
-3.27
0.46
0.83
3.13
-5.99
1.7
0.66
3.83
6.13
4.18
-1.49
-2.42
-5.93
4.31
0.37
0.92
-0.82
-6.13
0.55
1.0
-0.74
-6.09
-0.92
-0.35
2.78
1.04
5.07
-1.92
3.81
-0.02
4.35
-1.13
7.33
1.33
-6.69
-4.82
1.99
7.67
2.28
2.08
-0.04
-0.01
-0.32
5.33
2.86
5.22
-6.81
-0.5
-6.23
0.43
0.54
3.26
-2.34
-2.62
-1.09
-1.52
5.34
3.38
-3.33
1.62
0.76
0.39
1.05
1.92
-1.81
6.62
2.7
1.82
5.91
-5.17
-5.61
-6.21
-5.62
-5.49
-5.35
4.9
-5.36
-2.16
-5.01
1.9
1.43
0.04
-6.25
0.94
-1.09
0.16
-2.01
-4.39
3.4
-0.64
3.77
-0.01
-4.82
-0.83
1.84
0.59
0.25
0.5
0.23
1.57
3.22
2.13
-0.47
-0.03
-1.38
-0.7
6.48
2.07
-0.86
-6.18
-6.46
0.24
1.04
-0.47
-3.76
-4.02
-0.08
-0.88
-6.48
-0.96
-6.24
-0.1
-0.57
1.06
1.34
2.06
1.05
6.12
4.67
-0.79
2.28
1.57
2.44
-2.95
1.97
-0.84
1.5
-4.54
-1.33
1.24
0.11
4.18
-1.8
-0.25
4.59
0.08
-1.23
1.13
2.53
0.55
0.2
-0.99
5.14
-4.63
-0.05
2.63
-1.07
3.55
0.84
2.98
-5.25
-4.66
-2.07
-0.98
-1.78
4.73
-1.56
-0.11
0.02
1.52
-1.09
1.21
3.35
-4.72
-3.34
-0.21
-5.72
-1.43
-2.08
1.91
1.87
3.49
-0.88
0.96
-1.22
2.69
0.63
-5.38
-5.59
4.54
0.22
-1.49
-0.46
-0.34
-0.63
-1.01
0.36
-2.63
-5.67
0.66
-0.09
-5.73
-5.83
-5.5
1.56
-5.67
0.06
-5.73
-5.69
-1.15
-6.23
-6.24
-2.63
1.98
-5.25
-1.44
-1.35
0.59
-6.71
-0.55
1.91
1.79
4.47
2.2
-0.53
3.07
4.85
5.88
3.66
4.4
0.84
-6.1
0.83
0.55
0.68
-3.03
3.02
-3.29
1.87
0.63
-1.49
-1.04
1.56
0.02
6.32
-0.57
-5.47
0.75
5.28
-2.87
0.67
-6.2
2.47
0.42
-5.65
-5.63
0.09
-0.14
-2.8
-3.86
-6.25
-0.49
4.55
-2.38
-0.24
1.35
-2.94
-3.52
-5.78
-1.75
1.98
1.87
-6.18
0.19
4.75
-5.99
-5.47
2.28
3.4
2.68
1.32
0.04
-0.01
2.45
4.77
0.4
-0.27
1.76
0.29
2.76
2.53
-4.54
0.45
2.58
1.82
2.66
-2.19
-0.78
8.01
-0.17
0.38
6.78
2.1
-5.65
1.08
2.41
-4.96
-0.29
-2.85
0.3
0.78
-1.19
-1.49
0.69
-0.56
0.02
-6.22
-6.13
-1.37
3.74
-4.9
5.72
-1.83
-1.78
0.72
5.95
-1.5
4.11
3.09
-1.55
7.7
0.11
0.13
-7.0
-5.71
0.94
6.04
-0.83
8.16
-0.15
-0.04
0.32
0.78
-1.2
0.96
-2.17
1.18
-0.16
-0.58
-1.6
0.1
1.35
0.9
-2.69
-4.82
2.38
-5.35
1.29
-1.44
3.09
-6.9
3.13
1.03
5.06
-0.58
-6.07
-0.34
0.33
1.03
-5.4
-6.11
1.09
4.91
3.14
3.89
4.98
-2.29
-5.28
0.19
-0.55
0.0
0.98
1.34
-3.84
0.15
-2.11
-3.59
0.83
-4.94
-6.24
0.18
0.41
5.23
1.03
2.7
0.17
-5.75
-1.56
-0.23
1.65
0.85
3.84
3.63
1.05
2.34
1.57
0.49
1.99
5.57
0.88
3.44
1.21
3.07
2.49
1.96
-5.61
-6.8
-4.86
-0.32
1.2
2.88
-5.54
-1.56
-6.59
8.68
-1.22
2.41
2.34
-4.97
2.03
0.57
0.71
-1.87
4.03
1.06
1.75
-1.05
-1.33
2.04
3.66
-5.81
-0.25
-0.01
3.53
-1.18
-5.62
1.35
-0.08
2.6
0.41
1.25
0.36
-5.5
0.01
3.15
1.78
-1.62
-0.53
0.26
-0.57
5.95
0.34
-1.72
1.0
-0.25
-0.75
0.63
-5.08
-5.81
0.26
0.33
-6.94
1.63
1.87
0.24
0.7
-4.72
0.12
-1.16
-2.18
-1.41
1.08
-0.86
-0.37
1.88
-3.49
-6.3
0.85
-5.76
-1.6
-0.27
-5.16
0.82
0.68
4.19
-4.36
-0.19
-0.88
0.91
-0.46
-0.6
-1.82
-1.38
-5.8
-1.54
-1.85
-1.07
-0.95
-1.5
0.3
-0.89
-0.89
-0.86
-1.99
-2.18
-6.91
-4.56
-0.65
1.13
-5.62
2.71
0.66
-5.47
-5.73
-5.86
-6.43
-1.33
-6.92
1.89
-1.26
0.09
-0.13
-5.29
-4.29
-3.58
1.04
1.52
1.95
1.16
0.94
-5.23
-5.39
-5.53
-5.96
-0.94
-0.54
-1.8
-4.28
0.43
0.08
-2.14
-2.8
0.99
-0.02
-6.88
0.1
2.74
0.01
0.14
5.96
3.97
-0.02
-1.01
1.07
-0.67
4.77
-2.33
-2.68
3.45
-6.55
0.39
-2.58
-3.11
-0.79
-1.26
1.3
3.23
-1.08
-4.97
0.92
-1.41
4.04
1.0
0.23
3.73
0.58
2.84
-1.26
3.87
-5.97
-0.87
2.57
3.95
0.73
5.19
-0.92
4.1
0.85
1.36
-1.32
-6.09
-4.61
-6.19
1.06
1.39
1.2
-5.4
0.31
0.74
0.72
0.0
3.69
3.94
1.21
1.91
4.51
-0.9
4.2
0.71
5.11
-5.94
-6.25
5.12
2.01
0.3
-0.1
-6.09
2.97
0.09
3.08
-1.24
2.8
0.68
1.7
-0.35
0.09
-1.14
7.09
-0.07
-2.84
-0.7
1.22
-0.97
-5.32
-0.84
-3.81
3.4
-0.9
1.07
-5.44
-6.0
-4.25
-0.29
0.62
3.2
0.56
-6.43
-2.52
-4.51
2.57
1.02
-2.32
4.35
0.42
-2.08
6.31
3.14
-6.02
2.29
0.45
-4.86
-5.66
-5.63
-3.15
-1.43
0.26
-0.19
-0.2
-1.33
2.34
1.08
0.16
4.79
4.11
-6.59
0.06
0.07
-1.28
-6.72
0.88
0.4
3.71
0.19
-6.71
0.52
1.25
3.17
-3.43
3.14
1.91
-4.96
1.34
-1.74
5.17
-1.38
-0.48
0.27
1.66
0.07
5.53
-2.96
0.77
-0.23
-6.14
5.2
1.55
-3.64
-2.57
0.93
-0.7
1.95
0.97
-1.09
-1.92
-2.89
-0.54
-0.79
1.4
-5.61
-1.75
1.05
-1.15
1.14
3.44
0.31
6.9
5.2
5.89
1.63
-6.48
1.39
1.71
3.43
-0.19
-1.85
0.48
-1.35
2.05
-1.2
-0.87
0.4
2.77
-6.29
0.64
2.22
-5.91
-0.07
-1.24
1.44
-6.28
-1.02
-1.2
-0.9
3.13
-0.57
-0.47
-0.08
1.18
3.2
1.51
-0.47
-4.17
-0.22
-0.92
-0.86
-5.09
1.06
0.9
-5.91
0.34
-5.31
-6.89
2.54
-1.02
-6.07
0.48
-3.32
0.4
-2.12
-0.3
-1.87
2.12
-1.46
-5.03
-5.75
0.1
-5.3
0.63
0.27
-0.39
0.83
-1.67
-1.33
0.16
-6.68
-2.35
1.66
-0.8
-5.01
-3.92
-0.72
-1.72
-1.52
-4.8
0.43
1.9
3.55
-3.26
5.76
6.11
1.79
0.74
0.93
-0.1
-2.39
-6.02
0.15
-4.13
-5.66
2.81
0.41
0.78
6.15
0.59
-0.61
-0.82
-4.41
-0.37
1.4
2.02
1.12
-6.08
-6.2
-0.04
-5.42
-1.26
-0.43
3.78
6.01
5.05
2.76
-1.74
0.37
-1.11
-0.05
0.26
2.17
1.3
-0.39
-2.33
-5.48
-0.12
1.89
0.36
1.28
-4.12
1.12
0.19
-2.39
0.43
0.58
0.6
4.24
6.58
1.4
0.27
1.24
-1.8
5.53
-3.28
1.81
-3.49
-1.21
-1.23
3.54
2.35
2.59
0.54
-0.08
1.01
1.55
-1.18
-1.44
0.67
-5.63
-4.88
-1.72
-2.33
-1.67
-1.96
-6.81
1.18
-1.16
4.85
3.89
-5.99
-2.97
0.1
2.75
-5.9
-1.19
-4.43
0.53
1.19
0.58
-0.52
1.67
1.11
5.84
-1.31
1.08
-6.04
1.1
0.49
2.84
0.82
0.14
5.02
-1.6
2.16
4.28
-4.3
-6.49
4.97
-6.62
-3.32
1.3
-0.86
5.83
2.46
2.21
3.08
4.75
6.43
-0.79
-2.27
3.8
-0.57
0.82
6.4
-0.16
-0.47
-6.3
-3.2
-2.37
5.47
-4.44
-1.28
-0.81
7.65
4.09
-1.15
-4.74
3.01
3.9
-0.33
-5.74
0.42
-0.21
-4.24
1.04
-1.71
-2.35
1.58
-6.01
0.29
1.13
-0.19
0.48
-0.01
0.0
-0.03
0.49
2.29
5.39
2.3
4.06
-0.02
0.83
-0.53
-1.53
-1.9
1.85
1.27
0.88
0.1
0.91
-0.91
1.75
4.79
-6.22
0.14
2.89
5.45
-3.0
-0.45
-5.58
-2.27
0.02
1.03
0.58
-0.27
-0.92
0.27
-0.98
-2.89
1.15
6.31
1.34
5.08
-0.67
-0.96
-2.14
0.56
0.05
3.93
-4.38
-1.68
-0.32
-0.12
-0.33
-1.37
1.46
-5.01
-4.1
-4.03
-1.32
-6.72
-6.0
2.66
-2.56
1.72
1.14
-0.8
0.67
5.21
-2.22
-0.97
3.85
-1.87
7.38
-6.04
-5.49
-6.36
2.03
0.97
0.82
3.01
-5.88
0.83
4.08
-1.07
0.08
-2.11
0.32
0.25
-6.67
2.8
-1.68
3.43
1.29
-0.7
2.52
-1.78
-0.87
-0.26
1.89
-2.36
4.69
2.02
7.91
2.51
0.75
5.21
4.72
0.71
0.16
-0.6
-0.5
0.48
1.74
1.73
3.21
-0.15
-5.82
6.45
0.43
1.25
1.34
2.19
-6.15
-0.1
-6.55
0.45
-1.28
2.21
1.21
-1.22
-1.62
3.81
-0.8
-5.16
0.17
0.33
-1.15
-5.08
1.34
0.26
0.7
-1.16
5.75
-0.15
4.19
-0.33
-6.0
-0.18
-1.08
-1.17
1.23
1.63
5.4
2.31
-0.23
0.72
2.27
2.66
2.03
-5.55
0.14
-1.12
-6.27
-3.65
2.97
1.25
3.18
-4.14
-3.31
-5.09
-0.11
-0.44
1.27
0.29
0.66
-1.24
2.0
-2.01
-0.05
-0.1
4.42
-0.71
-0.49
-5.55
-5.96
-1.67
0.5
1.37
-5.09
-6.21
-5.55
-4.63
-4.98
0.97
-5.14
0.77
-0.01
0.41
-5.52
-0.52
4.09
-1.8
-2.7
-5.78
0.82
1.1
-0.19
-5.44
-6.05
4.33
1.21
1.74
-5.53
-6.35
-2.31
7.17
1.66
6.24
-1.76
4.26
-0.8
-6.22
0.01
-4.17
-0.72
0.0
0.72
-0.39
3.48
2.89
-0.23
-4.68
-4.25
0.32
-1.71
-1.5
-1.35
-1.3
-0.72
0.53
-0.67
-1.08
-1.96
-0.15
4.21
-0.02
-0.67
-4.44
5.12
-5.45
1.58
0.06
-1.05
-0.41
8.12
6.73
-0.21
5.55
-6.31
4.72
-5.61
-0.38
2.22
1.53
2.87
6.28
-0.61
4.44
2.04
-5.26
-0.18
-6.34
-5.16
5.59
-0.35
1.94
-2.38
-2.43
3.45
1.94
-5.95
-5.95
-0.06
0.41
-1.31
-5.91
3.94
-5.47
1.9
4.3
-0.59
1.39
1.09
0.71
-5.77
6.01
-6.62
-4.27
-5.94
-4.44
1.97
1.07
3.54
3.94
3.22
5.7
2.06
0.65
2.62
-4.8
-1.15
0.98
4.62
0.06
-6.21
5.01
3.69
3.76
5.02
-0.51
3.8
0.43
0.0
0.04
-0.89
6.08
-1.3
3.73
-6.65
-6.37
0.69
1.94
3.93
-0.04
2.68
-6.32
-5.28
-1.71
-6.3
1.15
-2.5
0.01
-1.3
6.58
-2.19
-3.89
-1.62
2.72
-0.87
-5.14
2.35
-1.33
6.25
-5.56
-1.98
-0.92
-4.9
1.13
-5.39
1.25
3.67
6.84
7.15
-5.47
-0.44
-1.21
3.23
2.3
-1.04
3.3
0.9
4.23
-2.06
-1.07
2.01
-5.14
-1.4
-5.8
1.58
1.27
-0.33
-5.96
-4.92
-5.95
3.53
0.57
0.7
1.94
-2.63
-1.65
-1.31
-5.25
-2.1
-5.95
4.01
0.59
-5.85
-0.03
-2.96
0.81
-6.26
1.09
-3.05
0.42
0.53
-0.07
1.46
2.9
1.26
1.81
6.61
-0.68
1.64
-5.38
-5.47
-5.99
-6.29
-5.73
-0.53
-6.17
3.46
0.68
1.3
2.45
0.96
-1.77
-0.23
-0.77
-1.25
-1.36
-6.66
-6.6
4.79
0.85
1.98
-5.9
0.03
-0.01
-0.23
1.16
1.33
2.11
0.0
-2.48
0.02
0.57
1.48
-6.36
0.15
6.24
2.18
0.23
2.37
0.41
1.97
-0.46
-2.82
-0.88
-0.31
0.45
-5.03
-0.66
0.31
-5.9
0.44
2.08
3.59
4.02
5.89
0.46
-6.07
-3.17
-5.75
-6.71
-6.88
1.03
-5.86
1.42
-0.86
-0.32
-6.68
-2.8
-0.15
-4.25
-5.48
5.18
-1.7
4.4
-1.44
1.81
2.82
3.38
0.22
1.23
0.79
1.67
7.25
1.81
-3.54
3.79
-3.08
-6.54
2.81
3.79
3.17
3.71
5.25
5.21
-0.2
5.87
0.61
6.07
1.16
1.52
-4.74
-6.37
-5.89
-6.43
-1.32
-2.12
2.75
3.15
0.95
-1.31
0.73
1.14
-1.1
2.78
-6.9
-3.67
-6.21
-0.46
-0.21
-7.02
-2.14
0.16
-2.69
1.87
0.16
0.48
2.81
5.79
8.26
2.12
0.35
-0.16
-5.84
-1.4
-1.27
-0.6
-5.2
-5.14
-5.79
-5.95
-5.72
-0.91
-0.07
-2.37
1.13
5.28
-0.38
-6.06
-0.54
-5.77
-1.25
4.65
1.64
1.07
2.11
-5.82
0.59
0.87
1.92
-3.33
2.18
0.87
-1.0
-0.31
3.55
-1.12
-0.32
-2.99
1.91
-0.16
1.33
2.67
-0.69
1.67
3.54
5.47
4.72
2.95
2.66
1.9
2.21
-0.91
0.44
3.76
0.4
2.3
2.77
-5.89
0.4
0.85
0.2
0.97
4.72
5.72
-0.59
5.05
0.95
3.0
-5.85
-5.86
2.58
-5.91
1.17
-4.66
-5.36
-3.96
-1.45
2.03
0.42
-1.0
-1.56
2.2
1.28
2.95
0.48
0.02
-0.17
-1.1
-0.31
3.42
-0.07
0.83
-5.68
-4.16
-0.26
-5.74
0.67
-1.37
-2.51
4.11
0.42
2.91
5.1
-3.09
-5.71
-5.7
-0.34
-6.51
1.53
0.28
0.76
-2.71
2.48
1.29
2.12
0.98
1.92
0.06
2.06
5.07
2.96
0.15
-0.63
-1.08
1.0
-6.41
0.88
-5.53
-4.57
-5.74
-1.77
2.29
0.37
0.0
2.31
-0.85
0.77
-1.95
-2.38
-1.04
-0.9
-5.84
3.56
-5.59
1.78
1.16
1.01
8.24
-7.14
0.69
0.65
3.02
0.84
-6.3
-0.38
-0.91
-2.31
7.89
-6.07
1.85
-3.42
-4.9
-0.65
1.11
-1.86
0.56
0.42
1.3
-5.95
0.07
-5.83
-0.37
-2.52
4.19
2.38
3.17
2.46
-1.81
-2.32
-1.43
0.58
3.95
1.44
-1.33
-3.09
3.13
0.67
0.47
0.61
-0.27
-1.49
-6.43
5.09
-0.91
2.13
1.14
1.37
-5.95
-0.74
-1.98
-5.69
0.89
-2.21
-1.92
0.71
1.21
-6.57
1.59
-1.9
-0.8
5.71
-4.88
1.95
2.24
-0.29
3.02
-0.11
-5.61
-2.85
0.41
0.84
0.16
4.0
3.18
-0.01
-2.09
0.95
-6.33
3.21
1.33
-0.28
0.74
3.81
2.27
-5.72
-5.44
-5.49
-5.35
-0.15
4.14
0.54
1.99
4.96
-2.7
0.58
6.95
-3.44
0.88
-0.53
0.01
1.76
1.42
2.15
-6.13
0.61
-3.14
1.95
1.35
-0.06
2.41
-0.95
-1.93
0.11
0.55
4.69
-0.67
-1.0
0.46
0.94
0.22
1.86
0.63
-5.13
-1.62
2.59
1.5
6.83
5.24
-0.32
1.37
2.82
3.29
2.58
-6.89
1.97
0.54
-0.36
1.59
1.64
-0.38
1.11
-5.4
-0.47
0.43
0.55
3.0
0.75
0.86
6.49
-1.22
-0.88
0.22
0.95
-5.29
2.02
2.25
4.09
-0.52
-0.29
-0.68
1.19
-0.54
0.83
3.86
4.94
-6.33
-6.03
-0.32
-4.97
-5.23
-1.19
0.62
-6.4
-6.79
-6.22
-5.49
-0.36
1.9
-5.47
-0.0
-1.64
0.52
2.81
-1.11
-0.75
-0.4
0.05
2.45
-5.28
0.47
1.55
-1.36
-0.04
-6.47
-0.07
-3.34
-2.15
-3.23
-6.25
3.4
-1.79
-1.45
1.81
4.13
-0.79
1.46
-0.7
2.8
0.8
-6.29
1.62
1.05
1.15
6.14
-1.67
3.68
-2.06
-1.32
-0.92
3.78
-0.62
0.8
-0.31
-5.59
1.53
-3.63
-4.06
-1.31
-0.54
-1.09
-4.8
-0.79
-1.18
-2.26
-3.31
-1.35
-4.39
1.84
-1.07
-0.14
-5.55
-1.9
-6.17
0.1
-0.06
-0.94
-5.89
-5.22
-5.87
0.57
-1.81
5.33
4.59
-5.45
-0.18
0.38
-6.02
-0.25
-2.59
-1.41
-0.44
-0.59
-6.65
0.54
-0.36
-1.33
2.29
-5.71
0.74
0.56
-5.96
0.94
0.83
-1.2
-2.74
-6.55
4.84
0.06
-0.48
-1.77
-4.99
0.44
-0.66
-0.46
2.01
1.21
-0.31
0.03
0.82
1.01
3.07
2.75
-4.0
5.27
3.17
1.16
-2.63
0.69
3.66
0.77
-1.06
1.65
1.5
-0.12
-1.79
7.22
2.99
3.63
-0.34
-1.81
0.06
-1.45
-0.09
0.53
-0.23
1.84
-1.24
-0.22
0.86
-5.08
-5.71
-0.3
2.19
0.53
1.85
4.97
4.5
8.18
-1.5
-0.76
-5.49
-0.34
-0.59
0.05
1.43
-2.86
-6.09
6.35
-0.62
-5.61
-2.56
2.63
-4.68
0.83
0.78
1.39
0.94
-0.99
-5.35
-0.99
-0.85
-0.92
3.18
-6.68
-0.85
1.08
0.39
1.01
-6.02
3.28
-1.82
-0.12
4.86
1.74
3.83
-0.13
0.52
-5.76
6.26
-1.04
-1.07
4.16
0.28
0.47
3.22
1.35
-0.37
-6.07
2.18
-1.27
-5.9
0.88
-0.15
-4.78
0.57
-6.33
-0.16
-4.55
-0.7
-1.72
0.56
3.91
-5.04
0.86
2.45
-0.15
-1.15
-2.2
1.92
0.08
0.62
-5.83
4.04
-6.38
5.89
1.98
0.71
2.23
0.96
1.36
-1.52
0.06
-0.17
2.44
2.81
3.5
-0.84
0.34
2.45
-6.45
0.58
1.68
1.77
5.38
1.19
-5.44
-5.84
0.58
-0.95
-0.23
-0.16
2.91
-0.53
-0.42
1.62
1.6
3.19
-5.5
0.91
-0.45
-3.49
-0.96
0.65
1.29
-5.96
-6.09
1.4
-1.35
0.74
-0.69
-0.32
1.08
0.53
-0.54
0.87
1.95
-1.47
-6.3
-6.53
-0.35
3.99
1.34
-0.02
-0.65
1.61
-0.58
1.74
1.35
0.92
1.61
-0.35
4.03
-0.97
0.52
-0.38
-5.86
-5.66
4.37
1.47
-2.42
-1.03
0.55
0.98
-2.31
0.48
0.42
-0.58
-0.13
5.96
-2.17
-0.83
-0.21
2.39
2.6
5.61
-1.79
5.84
-0.34
6.99
1.34
-0.03
-5.67
4.02
-6.42
3.0
-0.84
0.2
-6.39
-6.14
-0.11
1.26
0.88
3.99
-0.37
1.05
2.9
4.51
-1.78
0.34
-6.36
-6.55
6.44
-1.16
-4.83
-6.61
-6.03
0.15
0.11
-0.75
4.15
6.07
-6.43
0.91
0.41
-6.87
-6.07
-1.14
-5.48
-0.7
1.2
-3.5
3.13
-1.49
-2.47
-1.55
2.35
1.49
5.44
0.9
0.68
1.47
3.3
-5.78
3.7
0.0
-2.74
1.36
-1.3
-6.39
0.03
-0.2
-5.71
0.46
-1.13
0.04
1.44
-0.67
-0.05
-2.32
-6.34
-5.16
-6.37
1.78
0.65
-0.61
5.64
-1.1
3.81
1.48
5.23
3.43
1.5
-6.73
1.56
0.7
2.86
-3.21
-5.19
-5.47
-0.34
-5.91
-0.96
-0.65
3.75
0.43
-1.02
0.14
6.58
-4.46
-3.18
6.17
0.24
2.19
1.5
6.59
4.52
0.31
-6.63
1.9
0.15
-4.0
-2.34
8.02
0.62
-5.77
1.69
-6.26
-6.03
-5.61
-0.55
5.9
1.29
1.7
-6.43
-1.33
2.53
-5.36
1.57
-6.47
1.36
6.25
5.49
5.99
-3.72
-0.28
0.84
-4.92
0.26
-0.99
0.69
2.34
8.06
-3.96
-5.47
1.09
5.21
-5.42
1.55
-0.66
-5.7
5.44
-1.25
0.13
1.02
-5.75
5.34
-1.67
4.28
-0.22
1.85
0.43
5.22
4.17
-0.18
0.62
-4.08
-0.27
6.26
-6.29
-5.5
0.42
-1.18
-5.18
-3.28
0.5
-0.97
0.04
2.99
5.7
-6.02
-0.55
-5.91
-0.63
1.01
-0.29
-1.4
-5.45
0.96
2.07
0.2
0.39
6.3
0.78
-1.33
7.9
4.86
1.41
1.78
4.67
-5.59
0.92
-2.08
1.29
5.98
-6.56
3.32
0.34
-0.99
0.55
-2.82
-6.15
0.07
-0.23
-1.3
0.45
7.01
2.03
4.53
-4.92
0.5
-2.75
-1.66
1.07
0.02
5.84
3.92
-0.02
-1.28
0.88
-1.63
2.15
6.05
-6.38
-5.79
0.69
-0.08
5.19
-1.6
-0.22
-3.69
0.66
-6.38
6.2
-1.31
5.02
-0.94
1.98
-1.17
-5.35
-1.93
0.13
0.06
-2.42
-0.37
-0.83
-1.02
0.22
0.55
5.12
-1.48
1.76
-0.17
-2.97
-0.71
0.55
5.0
0.9
-5.73
-0.31
1.16
3.7
-6.4
-1.18
2.54
-1.13
-5.55
-1.88
-0.58
-2.8
2.97
-3.28
-0.03
-1.02
-5.78
-4.94
-2.92
1.94
2.83
-5.91
0.99
-6.29
6.47
-6.12
-0.53
-5.04
0.6
-2.01
-6.24
-1.58
6.05
-4.25
-4.83
-1.04
-0.97
1.94
-5.23
-2.89
2.6
-5.63
6.03
1.1
-1.73
0.06
0.28
-0.15
-0.96
-6.28
4.24
1.74
-5.77
-1.27
0.6
2.83
4.82
4.05
0.79
-1.57
0.36
0.95
0.31
1.98
6.47
3.85
1.33
2.86
2.84
6.45
-1.36
-5.77
0.78
1.2
1.02
6.68
1.9
-3.68
6.3
0.49
0.71
-0.09
-1.12
0.81
-0.62
-0.54
5.44
1.68
4.21
-5.05
2.05
-0.28
0.2
-6.01
-0.62
4.46
2.39
-5.74
-6.41
-6.77
0.19
-5.78
0.76
-1.22
2.07
0.05
-5.95
-2.94
-1.64
-0.69
-5.83
0.34
0.48
2.6
-0.99
6.09
2.24
2.74
1.31
8.56
0.91
0.64
1.05
0.28
-3.73
-5.19
2.02
-0.91
-1.53
3.78
-5.03
1.7
-0.27
4.26
-5.99
-0.84
1.41
3.99
3.32
5.16
-1.37
-5.35
0.5
-0.44
-1.19
-6.32
-5.56
-0.43
1.22
-4.28
0.84
-5.28
-0.07
-1.13
-2.74
-0.37
-0.58
-4.29
0.11
-5.82
2.47
0.83
-5.03
0.08
0.78
1.24
-4.81
0.47
0.17
-5.85
0.52
-5.67
1.24
0.77
0.79
0.57
2.19
-0.37
3.3
6.61
4.16
3.9
-1.02
-0.85
-6.84
4.2
1.72
-0.9
0.55
1.44
-0.82
-6.9
2.86
-1.86
-0.83
4.4
-0.19
-2.21
-0.23
1.63
-0.63
0.08
-0.62
1.96
-0.38
-1.14
-5.66
-1.43
-4.53
-2.01
0.22
-3.53
6.91
3.26
-5.97
1.68
-5.47
5.75
1.48
1.82
-6.24
0.12
-0.49
-0.63
1.26
1.82
-1.07
6.12
-0.0
-6.47
-0.96
3.46
8.14
7.08
2.16
5.79
5.16
1.7
-4.86
-1.73
3.72
2.92
1.41
4.78
-0.32
-5.75
-2.17
-5.23
-2.09
0.79
-1.79
0.01
-4.45
-0.38
-1.01
-0.21
0.6
-0.58
0.82
0.15
1.83
3.57
-0.15
1.42
1.85
4.49
2.68
1.99
-6.36
0.9
4.18
2.29
5.73
2.93
-0.67
0.05
0.78
1.41
-1.07
-4.76
5.68
2.54
-1.82
-6.17
-5.33
-5.28
-6.38
-3.88
-0.68
-6.35
-0.54
2.34
-5.61
-0.48
0.2
5.03
8.79
-0.8
1.2
2.52
5.47
1.13
-1.49
-0.98
0.32
3.44
-1.97
0.68
2.19
3.2
2.33
-1.82
-5.7
2.5
-5.44
2.83
6.16
-0.93
1.29
-1.51
1.15
0.19
-0.46
0.63
-0.52
3.05
2.72
3.44
-0.06
0.21
-0.18
-0.59
0.07
-7.04
-5.79
6.18
-4.66
1.29
0.37
-5.98
-1.18
-1.32
5.49
5.5
6.9
5.91
-1.33
1.45
-1.75
1.74
5.6
2.21
-4.39
4.53
0.82
-0.04
2.16
0.93
-6.07
0.52
-5.92
-1.69
-0.01
1.8
-1.71
-0.02
-2.22
-6.42
0.34
0.97
-5.36
4.77
0.96
2.75
-1.3
2.11
0.84
1.02
0.99
1.95
-0.82
0.72
1.5
0.51
1.89
1.67
-6.5
-0.29
-6.04
-1.63
2.02
0.64
-1.03
-5.69
-1.87
2.39
-0.63
-0.78
4.75
1.02
-1.21
-0.2
-0.62
-1.21
2.69
1.12
1.65
-1.15
5.3
0.47
3.6
-5.43
-3.96
2.07
-0.61
4.5
2.71
1.25
-1.95
0.54
1.74
1.64
-1.18
6.33
-1.6
0.51
5.47
-0.76
2.67
2.48
-0.4
0.2
-0.34
-0.96
-6.09
-2.33
3.72
-5.59
-5.82
4.61
0.74
-0.26
4.27
-0.07
0.01
-3.72
-0.8
-0.61
4.76
5.9
-0.35
-2.72
3.51
0.39
-1.9
-0.32
-0.21
0.31
1.16
1.83
0.69
4.96
0.64
5.23
1.6
-4.96
0.01
1.97
2.3
3.13
-0.03
-2.02
-0.63
0.16
0.02
3.95
1.19
4.06
1.98
5.96
-0.32
-2.79
-2.46
-5.8
2.4
6.17
1.18
-5.31
-4.94
-1.93
0.25
-6.03
0.69
-6.28
1.34
0.08
1.88
0.33
1.42
1.64
0.66
-1.19
-6.35
4.01
-5.78
5.77
5.67
-5.89
-0.47
-4.99
4.28
1.23
5.79
-0.16
2.15
-2.74
7.8
0.15
-0.58
-5.75
0.64
0.03
0.47
0.35
-1.83
0.04
-3.17
-5.53
1.26
-1.06
-5.08
0.02
3.16
-2.48
-6.91
6.48
-0.19
-0.99
4.37
6.28
-1.61
-5.04
-1.74
4.17
-0.75
-0.18
-0.91
5.82
-0.7
1.49
2.12
1.86
-1.55
3.16
2.02
0.16
-5.54
-0.08
-6.3
-3.87
-1.68
-6.91
-2.27
2.4
-5.62
0.48
-2.2
-5.9
-6.07
-1.65
0.2
-6.07
5.93
-0.36
1.04
-1.04
1.36
-6.75
0.61
-5.7
0.16
4.58
7.66
3.31
-5.89
0.83
-0.05
1.43
-1.61
-5.08
-6.5
0.69
-0.72
-0.92
-1.27
6.82
-0.18
0.8
-5.66
3.08
2.74
-0.15
-1.17
-5.03
0.28
-5.65
-5.99
0.77
-0.53
0.4
